# Reference output from java.text.NumberFormat, captured from a real JDK.
#
# Format:  minFractionDigits|maxFractionDigits|Double.toString(value)|NumberFormat.format(value)
#
# Generated with NumberFormat.getNumberInstance(Locale.US) and setGroupingUsed(false),
# over hand-picked edge cases plus 400 pseudo-random values (seed 42) across eight
# precision configurations -- including every configuration the exporters actually use:
# 0/3 (default), 0/8 (POV-Ray), 16/16 (OFF), 0/19 (STEP), 1/5 (RealVector), 6/6
# (OpenSCAD, Build123d), 0/2 (SVG) and 0/6 (DXF).
#
# scripts/check-number-format.mjs asserts from-java/java/text/NumberFormat.ts
# reproduces every line.  Regenerate only against a real JDK, never by hand.
0|3|4.23606797749979|4.236
0|3|1.618033988749895|1.618
0|3|0.6180339887498949|0.618
0|3|2.0|2
0|3|0.0|0
0|3|-0.0|-0
0|3|1.0E-17|0
0|3|6.123233995736766E-17|0
0|3|1234567.891|1234567.891
0|3|-1.902113032590307|-1.902
0|3|0.3333333333333333|0.333
0|3|1.0E21|1000000000000000000000
0|3|1.2345678912345679E8|123456789.123
0|8|4.23606797749979|4.23606798
0|8|1.618033988749895|1.61803399
0|8|0.6180339887498949|0.61803399
0|8|2.0|2
0|8|0.0|0
0|8|-0.0|-0
0|8|1.0E-17|0
0|8|6.123233995736766E-17|0
0|8|1234567.891|1234567.891
0|8|-1.902113032590307|-1.90211303
0|8|0.3333333333333333|0.33333333
0|8|1.0E21|1000000000000000000000
0|8|1.2345678912345679E8|123456789.12345679
16|16|4.23606797749979|4.2360679774997900
16|16|1.618033988749895|1.6180339887498950
16|16|0.6180339887498949|0.6180339887498949
16|16|2.0|2.0000000000000000
16|16|0.0|0.0000000000000000
16|16|-0.0|-0.0000000000000000
16|16|1.0E-17|0.0000000000000000
16|16|6.123233995736766E-17|0.0000000000000001
16|16|1234567.891|1234567.8910000000000000
16|16|-1.902113032590307|-1.9021130325903070
16|16|0.3333333333333333|0.3333333333333333
16|16|1.0E21|1000000000000000000000.0000000000000000
16|16|1.2345678912345679E8|123456789.1234567900000000
0|19|4.23606797749979|4.23606797749979
0|19|1.618033988749895|1.618033988749895
0|19|0.6180339887498949|0.6180339887498949
0|19|2.0|2
0|19|0.0|0
0|19|-0.0|-0
0|19|1.0E-17|0.00000000000000001
0|19|6.123233995736766E-17|0.0000000000000000612
0|19|1234567.891|1234567.891
0|19|-1.902113032590307|-1.902113032590307
0|19|0.3333333333333333|0.3333333333333333
0|19|1.0E21|1000000000000000000000
0|19|1.2345678912345679E8|123456789.12345679
1|5|4.23606797749979|4.23607
1|5|1.618033988749895|1.61803
1|5|0.6180339887498949|0.61803
1|5|2.0|2.0
1|5|0.0|0.0
1|5|-0.0|-0.0
1|5|1.0E-17|0.0
1|5|6.123233995736766E-17|0.0
1|5|1234567.891|1234567.891
1|5|-1.902113032590307|-1.90211
1|5|0.3333333333333333|0.33333
1|5|1.0E21|1000000000000000000000.0
1|5|1.2345678912345679E8|123456789.12346
6|6|4.23606797749979|4.236068
6|6|1.618033988749895|1.618034
6|6|0.6180339887498949|0.618034
6|6|2.0|2.000000
6|6|0.0|0.000000
6|6|-0.0|-0.000000
6|6|1.0E-17|0.000000
6|6|6.123233995736766E-17|0.000000
6|6|1234567.891|1234567.891000
6|6|-1.902113032590307|-1.902113
6|6|0.3333333333333333|0.333333
6|6|1.0E21|1000000000000000000000.000000
6|6|1.2345678912345679E8|123456789.123457
0|3|227.5636800328681|227.564
0|3|0.6832234717598454|0.683
0|3|-1.9128054466734025E-9|-0
0|3|28.0|28
0|3|165.54895179457367|165.549
0|3|0.9033722646721782|0.903
0|3|-1.3121708658869436E-9|-0
0|3|28.0|28
0|3|-36.346424190846676|-36.346
0|3|0.7829017787900358|0.783
0|3|4.193277828687169E-9|0
0|3|44.0|44
0|3|249.90618125544745|249.906
0|3|0.38656687435934867|0.387
0|3|-3.2262152209062167E-9|-0
0|3|59.0|59
0|3|-290.2324311336679|-290.232
0|3|0.825965871887821|0.826
0|3|-3.2778206231214757E-9|-0
0|3|59.0|59
0|3|251.28040676746014|251.28
0|3|0.5710403484148672|0.571
0|3|8.00248845020607E-10|0
0|3|75.0|75
0|3|-468.5817611734192|-468.582
0|3|0.35791991947712865|0.358
0|3|3.1779693083563933E-9|0
0|3|42.0|42
0|3|474.03568149588136|474.036
0|3|0.7134062578232291|0.713
0|3|-1.942548344356565E-10|-0
0|3|29.0|29
0|3|449.86013465946667|449.86
0|3|0.8204918233863466|0.82
0|3|1.36644547856282E-9|0
0|3|37.0|37
0|3|-139.74512463386492|-139.745
0|3|0.4346610851406103|0.435
0|3|-4.268290555523058E-10|-0
0|3|47.0|47
0|3|-30.977479384431433|-30.977
0|3|0.8273224240149951|0.827
0|3|-3.4896844547124174E-9|-0
0|3|83.0|83
0|3|-39.69362733883884|-39.694
0|3|0.2805719916728102|0.281
0|3|-3.04035792576844E-9|-0
0|3|18.0|18
0|3|365.6867963273522|365.687
0|3|0.48659066182619404|0.487
0|3|-7.902829336897133E-10|-0
0|3|63.0|63
0|3|199.85864506717212|199.859
0|3|0.31532845005767296|0.315
0|3|7.162030552997667E-10|0
0|3|37.0|37
0|3|371.81459596483865|371.815
0|3|0.805730942661998|0.806
0|3|1.162136850351787E-9|0
0|3|37.0|37
0|3|197.24872926972944|197.249
0|3|0.908614580207571|0.909
0|3|-3.0385292811814848E-9|-0
0|3|81.0|81
0|3|127.93327541347264|127.933
0|3|0.4633992710283451|0.463
0|3|-1.9442084433255112E-9|-0
0|3|54.0|54
0|3|135.11101445638803|135.111
0|3|0.12625782329876534|0.126
0|3|-2.6731075240794546E-11|-0
0|3|3.0|3
0|3|-463.5154833097503|-463.515
0|3|0.48384385495430515|0.484
0|3|1.5505338110982103E-9|0
0|3|40.0|40
0|3|440.1724656853811|440.172
0|3|0.3846108439172914|0.385
0|3|1.4623197879764282E-9|0
0|3|77.0|77
0|3|394.0427958184089|394.043
0|3|0.5988370371450177|0.599
0|3|4.760344716184084E-9|0
0|3|8.0|8
0|3|275.1206959271756|275.121
0|3|0.2788223024987677|0.279
0|3|3.992053297295577E-9|0
0|3|37.0|37
0|3|-68.6904448645389|-68.69
0|3|0.33232427838474854|0.332
0|3|-1.8485252863268221E-9|-0
0|3|44.0|44
0|3|-403.549084119176|-403.549
0|3|0.7451533062153856|0.745
0|3|-3.291402621171025E-9|-0
0|3|81.0|81
0|3|-360.21040471313916|-360.21
0|3|0.09294681694145557|0.093
0|3|-4.7297013311786665E-9|-0
0|3|55.0|55
0|3|-217.8017138693519|-217.802
0|3|0.9674953220085111|0.967
0|3|4.0450107900156175E-9|0
0|3|34.0|34
0|3|-485.9441815472668|-485.944
0|3|0.8095941248100625|0.81
0|3|2.14943036897558E-10|0
0|3|84.0|84
0|3|83.46164859111889|83.462
0|3|0.6882460693475149|0.688
0|3|5.638220131905191E-10|0
0|3|12.0|12
0|3|88.5086368942899|88.509
0|3|0.8951422853569353|0.895
0|3|1.2647516520397206E-9|0
0|3|38.0|38
0|3|403.6250947502425|403.625
0|3|0.8336996010963523|0.834
0|3|-2.398063688338662E-9|-0
0|3|96.0|96
0|3|-102.46384398439687|-102.464
0|3|0.5735347186765608|0.574
0|3|-2.4183499896083393E-9|-0
0|3|82.0|82
0|3|159.18347431918642|159.183
0|3|0.6141067547923854|0.614
0|3|-1.1802625543074652E-10|-0
0|3|36.0|36
0|3|237.9816322918872|237.982
0|3|0.8553614909816327|0.855
0|3|-1.6025289140574205E-9|-0
0|3|76.0|76
0|3|226.07820494090754|226.078
0|3|0.5085622348730312|0.509
0|3|2.7540991859246467E-9|0
0|3|38.0|38
0|3|362.8241587977617|362.824
0|3|0.69709331396258|0.697
0|3|-3.398692457118191E-9|-0
0|3|80.0|80
0|3|225.4495536207421|225.45
0|3|0.794874724221567|0.795
0|3|3.232409155751369E-9|0
0|3|85.0|85
0|3|484.97920534651905|484.979
0|3|0.12912668650457682|0.129
0|3|1.1409482419892247E-9|0
0|3|54.0|54
0|3|-347.28825691886124|-347.288
0|3|0.5345760098961941|0.535
0|3|4.899373282939712E-10|0
0|3|33.0|33
0|3|220.12467540122555|220.125
0|3|0.38779615803820233|0.388
0|3|-4.8475337854456124E-9|-0
0|3|10.0|10
0|3|-396.143102758699|-396.143
0|3|0.1732256480735601|0.173
0|3|3.976338235309476E-9|0
0|3|42.0|42
0|3|347.4594867482883|347.459
0|3|0.336510352176303|0.337
0|3|-7.679831790914638E-10|-0
0|3|5.0|5
0|3|102.89446959656584|102.894
0|3|0.16616716052142333|0.166
0|3|-1.7768278662003811E-10|-0
0|3|57.0|57
0|3|17.300271039095946|17.3
0|3|0.7111676032533552|0.711
0|3|1.7639122984870549E-9|0
0|3|85.0|85
0|3|284.33193773028484|284.332
0|3|0.28989223547759446|0.29
0|3|-1.3051361964124607E-9|-0
0|3|51.0|51
0|3|-215.57724039389637|-215.577
0|3|0.9750075836495604|0.975
0|3|7.190317890355347E-10|0
0|3|12.0|12
0|3|-65.39649540941929|-65.396
0|3|0.5491691115143541|0.549
0|3|7.673541937964212E-10|0
0|3|73.0|73
0|3|96.0541733652932|96.054
0|3|0.8180555270246112|0.818
0|3|3.8376305911854955E-9|0
0|3|37.0|37
0|3|146.35255251184572|146.353
0|3|0.840091222384709|0.84
0|3|-4.031416139308648E-9|-0
0|3|91.0|91
0|3|113.4225062085444|113.423
0|3|0.5863145983289133|0.586
0|3|-3.389386833063297E-9|-0
0|3|100.0|100
0|3|89.47450865696817|89.475
0|3|0.7792026912116196|0.779
0|3|1.7479473521840872E-10|0
0|3|7.0|7
0|3|-4.230600322544433|-4.231
0|3|0.175863201981718|0.176
0|3|-2.6672386698149976E-11|-0
0|3|69.0|69
0|3|152.82617333395342|152.826
0|3|0.35885662535669116|0.359
0|3|5.0875603692069E-10|0
0|3|77.0|77
0|3|25.732565377377682|25.733
0|3|0.17701350179026742|0.177
0|3|2.1259506725047384E-9|0
0|3|55.0|55
0|3|-39.4921952155176|-39.492
0|3|0.33896250975681763|0.339
0|3|-4.590035930609633E-9|-0
0|3|80.0|80
0|3|205.00407294358843|205.004
0|3|0.3036869679733477|0.304
0|3|1.3945183842844855E-9|0
0|3|57.0|57
0|3|16.624213063746765|16.624
0|3|0.5352792237599756|0.535
0|3|-2.3599757798510556E-9|-0
0|3|16.0|16
0|3|199.17073568985347|199.171
0|3|0.39316353033715945|0.393
0|3|-4.5332817377406246E-10|-0
0|3|27.0|27
0|3|-17.568910446122402|-17.569
0|3|0.4144095098620818|0.414
0|3|8.872732301140285E-10|0
0|3|16.0|16
0|3|-239.35699139115252|-239.357
0|3|0.5113606074523155|0.511
0|3|-2.523824644651195E-9|-0
0|3|63.0|63
0|3|-160.2271827202705|-160.227
0|3|0.655652397024369|0.656
0|3|3.134709073783778E-9|0
0|3|99.0|99
0|3|8.578384985524565|8.578
0|3|0.9487981214932968|0.949
0|3|-2.329728046001707E-9|-0
0|3|64.0|64
0|3|444.71811522920416|444.718
0|3|0.5898699061620923|0.59
0|3|2.4552895700353873E-9|0
0|3|13.0|13
0|3|194.70566904000566|194.706
0|3|0.1424057611385977|0.142
0|3|3.739392772516659E-10|0
0|3|7.0|7
0|3|225.29965008816703|225.3
0|3|0.6755240114928003|0.676
0|3|3.3986590925475225E-9|0
0|3|48.0|48
0|3|-166.04347935699337|-166.043
0|3|0.8083287288527613|0.808
0|3|2.8651061620061025E-9|0
0|3|29.0|29
0|3|27.263841932272044|27.264
0|3|0.42204034179717453|0.422
0|3|4.6333712797714165E-9|0
0|3|94.0|94
0|3|328.8101950349584|328.81
0|3|0.8208885106200168|0.821
0|3|3.754894014526169E-9|0
0|3|34.0|34
0|3|361.73721335258415|361.737
0|3|0.4206547517428645|0.421
0|3|1.00866554883861E-9|0
0|3|93.0|93
0|3|466.25803005403407|466.258
0|3|0.6228544201629813|0.623
0|3|-3.2730544066689205E-9|-0
0|3|43.0|43
0|3|-441.28439458513714|-441.284
0|3|0.3928991653679357|0.393
0|3|-4.3001375923963784E-9|-0
0|3|10.0|10
0|3|416.29377516758984|416.294
0|3|0.20218249296904356|0.202
0|3|6.299024004503961E-10|0
0|3|56.0|56
0|3|-419.7178296548585|-419.718
0|3|0.41688259090635793|0.417
0|3|6.01439765052083E-10|0
0|3|10.0|10
0|3|110.83609874539479|110.836
0|3|0.9203780707537543|0.92
0|3|-4.662905386461305E-9|-0
0|3|18.0|18
0|3|497.4608145187527|497.461
0|3|0.7415241337352465|0.742
0|3|-4.368148714535116E-9|-0
0|3|32.0|32
0|3|131.98930081393473|131.989
0|3|0.7276379438786885|0.728
0|3|-4.712494855593162E-9|-0
0|3|81.0|81
0|3|-115.38894620049956|-115.389
0|3|0.8488935564489962|0.849
0|3|1.1415204130695411E-10|0
0|3|81.0|81
0|3|488.5489924132561|488.549
0|3|0.5499286531234229|0.55
0|3|-4.877929212115091E-9|-0
0|3|16.0|16
0|3|-364.72936556883803|-364.729
0|3|0.6748163096975666|0.675
0|3|1.8964910946208704E-9|0
0|3|92.0|92
0|3|-90.3417899979101|-90.342
0|3|0.8831571536052205|0.883
0|3|4.32938256811512E-9|0
0|3|14.0|14
0|3|-46.64782789933673|-46.648
0|3|0.14789870945392947|0.148
0|3|2.3765348462836133E-9|0
0|3|27.0|27
0|3|-465.47892378998614|-465.479
0|3|0.8795897940455562|0.88
0|3|3.1484787366068524E-10|0
0|3|89.0|89
0|3|-476.39991958127325|-476.4
0|3|0.4571300874903905|0.457
0|3|-1.906116013343654E-9|-0
0|3|16.0|16
0|3|127.07955733877509|127.08
0|3|0.46167626866248745|0.462
0|3|1.807378202162523E-9|0
0|3|57.0|57
0|3|115.2138700739788|115.214
0|3|0.7082174342666011|0.708
0|3|2.0545458753287303E-9|0
0|3|52.0|52
0|3|194.55997442611567|194.56
0|3|0.2484345321409117|0.248
0|3|-2.982338842877935E-9|-0
0|3|59.0|59
0|3|122.54432087431496|122.544
0|3|0.8788096664827789|0.879
0|3|4.515255560167231E-10|0
0|3|98.0|98
0|3|-361.20460803106687|-361.205
0|3|0.3295530741893903|0.33
0|3|3.462085360419409E-9|0
0|3|66.0|66
0|3|-203.23123560629517|-203.231
0|3|0.23276689693992036|0.233
0|3|2.945596265739877E-9|0
0|3|65.0|65
0|3|-180.7698835639817|-180.77
0|3|0.1723665217838387|0.172
0|3|-1.1336256845580883E-9|-0
0|3|65.0|65
0|3|172.45125673191308|172.451
0|3|0.6036316526960096|0.604
0|3|-2.829685642029387E-9|-0
0|3|75.0|75
0|3|156.51248082127108|156.512
0|3|0.19686130088289333|0.197
0|3|-4.937003829201109E-9|-0
0|3|19.0|19
0|3|-57.105368386038435|-57.105
0|3|0.20745782894193976|0.207
0|3|6.253395733873191E-10|0
0|3|14.0|14
0|3|-344.4175620597196|-344.418
0|3|0.8038671841542194|0.804
0|3|-7.03589439601836E-10|-0
0|3|56.0|56
0|3|-211.8098239160936|-211.81
0|3|0.8951539148042178|0.895
0|3|-4.377877476814321E-9|-0
0|3|40.0|40
0|3|-22.84006244451308|-22.84
0|3|0.8915910467146385|0.892
0|3|-1.4978686313342316E-10|-0
0|3|33.0|33
0|3|-90.12878878540465|-90.129
0|3|0.004496524367329502|0.004
0|3|-4.553975881623811E-9|-0
0|3|95.0|95
0|3|-63.45960603401522|-63.46
0|3|0.14564939403082033|0.146
0|3|-4.589755288962685E-9|-0
0|3|59.0|59
0|3|-223.9229572057002|-223.923
0|3|0.22197071696876958|0.222
0|3|2.3989279904584273E-9|0
0|3|51.0|51
0|3|-441.3964157743733|-441.396
0|3|0.6377553953875494|0.638
0|3|7.772241073649489E-11|0
0|3|98.0|98
0|3|331.1333930485324|331.133
0|3|0.1145930730043907|0.115
0|3|8.864074331503314E-10|0
0|3|74.0|74
0|8|227.5636800328681|227.56368003
0|8|0.6832234717598454|0.68322347
0|8|-1.9128054466734025E-9|-0
0|8|28.0|28
0|8|165.54895179457367|165.54895179
0|8|0.9033722646721782|0.90337226
0|8|-1.3121708658869436E-9|-0
0|8|28.0|28
0|8|-36.346424190846676|-36.34642419
0|8|0.7829017787900358|0.78290178
0|8|4.193277828687169E-9|0
0|8|44.0|44
0|8|249.90618125544745|249.90618126
0|8|0.38656687435934867|0.38656687
0|8|-3.2262152209062167E-9|-0
0|8|59.0|59
0|8|-290.2324311336679|-290.23243113
0|8|0.825965871887821|0.82596587
0|8|-3.2778206231214757E-9|-0
0|8|59.0|59
0|8|251.28040676746014|251.28040677
0|8|0.5710403484148672|0.57104035
0|8|8.00248845020607E-10|0
0|8|75.0|75
0|8|-468.5817611734192|-468.58176117
0|8|0.35791991947712865|0.35791992
0|8|3.1779693083563933E-9|0
0|8|42.0|42
0|8|474.03568149588136|474.0356815
0|8|0.7134062578232291|0.71340626
0|8|-1.942548344356565E-10|-0
0|8|29.0|29
0|8|449.86013465946667|449.86013466
0|8|0.8204918233863466|0.82049182
0|8|1.36644547856282E-9|0
0|8|37.0|37
0|8|-139.74512463386492|-139.74512463
0|8|0.4346610851406103|0.43466109
0|8|-4.268290555523058E-10|-0
0|8|47.0|47
0|8|-30.977479384431433|-30.97747938
0|8|0.8273224240149951|0.82732242
0|8|-3.4896844547124174E-9|-0
0|8|83.0|83
0|8|-39.69362733883884|-39.69362734
0|8|0.2805719916728102|0.28057199
0|8|-3.04035792576844E-9|-0
0|8|18.0|18
0|8|365.6867963273522|365.68679633
0|8|0.48659066182619404|0.48659066
0|8|-7.902829336897133E-10|-0
0|8|63.0|63
0|8|199.85864506717212|199.85864507
0|8|0.31532845005767296|0.31532845
0|8|7.162030552997667E-10|0
0|8|37.0|37
0|8|371.81459596483865|371.81459596
0|8|0.805730942661998|0.80573094
0|8|1.162136850351787E-9|0
0|8|37.0|37
0|8|197.24872926972944|197.24872927
0|8|0.908614580207571|0.90861458
0|8|-3.0385292811814848E-9|-0
0|8|81.0|81
0|8|127.93327541347264|127.93327541
0|8|0.4633992710283451|0.46339927
0|8|-1.9442084433255112E-9|-0
0|8|54.0|54
0|8|135.11101445638803|135.11101446
0|8|0.12625782329876534|0.12625782
0|8|-2.6731075240794546E-11|-0
0|8|3.0|3
0|8|-463.5154833097503|-463.51548331
0|8|0.48384385495430515|0.48384385
0|8|1.5505338110982103E-9|0
0|8|40.0|40
0|8|440.1724656853811|440.17246569
0|8|0.3846108439172914|0.38461084
0|8|1.4623197879764282E-9|0
0|8|77.0|77
0|8|394.0427958184089|394.04279582
0|8|0.5988370371450177|0.59883704
0|8|4.760344716184084E-9|0
0|8|8.0|8
0|8|275.1206959271756|275.12069593
0|8|0.2788223024987677|0.2788223
0|8|3.992053297295577E-9|0
0|8|37.0|37
0|8|-68.6904448645389|-68.69044486
0|8|0.33232427838474854|0.33232428
0|8|-1.8485252863268221E-9|-0
0|8|44.0|44
0|8|-403.549084119176|-403.54908412
0|8|0.7451533062153856|0.74515331
0|8|-3.291402621171025E-9|-0
0|8|81.0|81
0|8|-360.21040471313916|-360.21040471
0|8|0.09294681694145557|0.09294682
0|8|-4.7297013311786665E-9|-0
0|8|55.0|55
0|8|-217.8017138693519|-217.80171387
0|8|0.9674953220085111|0.96749532
0|8|4.0450107900156175E-9|0
0|8|34.0|34
0|8|-485.9441815472668|-485.94418155
0|8|0.8095941248100625|0.80959412
0|8|2.14943036897558E-10|0
0|8|84.0|84
0|8|83.46164859111889|83.46164859
0|8|0.6882460693475149|0.68824607
0|8|5.638220131905191E-10|0
0|8|12.0|12
0|8|88.5086368942899|88.50863689
0|8|0.8951422853569353|0.89514229
0|8|1.2647516520397206E-9|0
0|8|38.0|38
0|8|403.6250947502425|403.62509475
0|8|0.8336996010963523|0.8336996
0|8|-2.398063688338662E-9|-0
0|8|96.0|96
0|8|-102.46384398439687|-102.46384398
0|8|0.5735347186765608|0.57353472
0|8|-2.4183499896083393E-9|-0
0|8|82.0|82
0|8|159.18347431918642|159.18347432
0|8|0.6141067547923854|0.61410675
0|8|-1.1802625543074652E-10|-0
0|8|36.0|36
0|8|237.9816322918872|237.98163229
0|8|0.8553614909816327|0.85536149
0|8|-1.6025289140574205E-9|-0
0|8|76.0|76
0|8|226.07820494090754|226.07820494
0|8|0.5085622348730312|0.50856223
0|8|2.7540991859246467E-9|0
0|8|38.0|38
0|8|362.8241587977617|362.8241588
0|8|0.69709331396258|0.69709331
0|8|-3.398692457118191E-9|-0
0|8|80.0|80
0|8|225.4495536207421|225.44955362
0|8|0.794874724221567|0.79487472
0|8|3.232409155751369E-9|0
0|8|85.0|85
0|8|484.97920534651905|484.97920535
0|8|0.12912668650457682|0.12912669
0|8|1.1409482419892247E-9|0
0|8|54.0|54
0|8|-347.28825691886124|-347.28825692
0|8|0.5345760098961941|0.53457601
0|8|4.899373282939712E-10|0
0|8|33.0|33
0|8|220.12467540122555|220.1246754
0|8|0.38779615803820233|0.38779616
0|8|-4.8475337854456124E-9|-0
0|8|10.0|10
0|8|-396.143102758699|-396.14310276
0|8|0.1732256480735601|0.17322565
0|8|3.976338235309476E-9|0
0|8|42.0|42
0|8|347.4594867482883|347.45948675
0|8|0.336510352176303|0.33651035
0|8|-7.679831790914638E-10|-0
0|8|5.0|5
0|8|102.89446959656584|102.8944696
0|8|0.16616716052142333|0.16616716
0|8|-1.7768278662003811E-10|-0
0|8|57.0|57
0|8|17.300271039095946|17.30027104
0|8|0.7111676032533552|0.7111676
0|8|1.7639122984870549E-9|0
0|8|85.0|85
0|8|284.33193773028484|284.33193773
0|8|0.28989223547759446|0.28989224
0|8|-1.3051361964124607E-9|-0
0|8|51.0|51
0|8|-215.57724039389637|-215.57724039
0|8|0.9750075836495604|0.97500758
0|8|7.190317890355347E-10|0
0|8|12.0|12
0|8|-65.39649540941929|-65.39649541
0|8|0.5491691115143541|0.54916911
0|8|7.673541937964212E-10|0
0|8|73.0|73
0|8|96.0541733652932|96.05417337
0|8|0.8180555270246112|0.81805553
0|8|3.8376305911854955E-9|0
0|8|37.0|37
0|8|146.35255251184572|146.35255251
0|8|0.840091222384709|0.84009122
0|8|-4.031416139308648E-9|-0
0|8|91.0|91
0|8|113.4225062085444|113.42250621
0|8|0.5863145983289133|0.5863146
0|8|-3.389386833063297E-9|-0
0|8|100.0|100
0|8|89.47450865696817|89.47450866
0|8|0.7792026912116196|0.77920269
0|8|1.7479473521840872E-10|0
0|8|7.0|7
0|8|-4.230600322544433|-4.23060032
0|8|0.175863201981718|0.1758632
0|8|-2.6672386698149976E-11|-0
0|8|69.0|69
0|8|152.82617333395342|152.82617333
0|8|0.35885662535669116|0.35885663
0|8|5.0875603692069E-10|0
0|8|77.0|77
0|8|25.732565377377682|25.73256538
0|8|0.17701350179026742|0.1770135
0|8|2.1259506725047384E-9|0
0|8|55.0|55
0|8|-39.4921952155176|-39.49219522
0|8|0.33896250975681763|0.33896251
0|8|-4.590035930609633E-9|-0
0|8|80.0|80
0|8|205.00407294358843|205.00407294
0|8|0.3036869679733477|0.30368697
0|8|1.3945183842844855E-9|0
0|8|57.0|57
0|8|16.624213063746765|16.62421306
0|8|0.5352792237599756|0.53527922
0|8|-2.3599757798510556E-9|-0
0|8|16.0|16
0|8|199.17073568985347|199.17073569
0|8|0.39316353033715945|0.39316353
0|8|-4.5332817377406246E-10|-0
0|8|27.0|27
0|8|-17.568910446122402|-17.56891045
0|8|0.4144095098620818|0.41440951
0|8|8.872732301140285E-10|0
0|8|16.0|16
0|8|-239.35699139115252|-239.35699139
0|8|0.5113606074523155|0.51136061
0|8|-2.523824644651195E-9|-0
0|8|63.0|63
0|8|-160.2271827202705|-160.22718272
0|8|0.655652397024369|0.6556524
0|8|3.134709073783778E-9|0
0|8|99.0|99
0|8|8.578384985524565|8.57838499
0|8|0.9487981214932968|0.94879812
0|8|-2.329728046001707E-9|-0
0|8|64.0|64
0|8|444.71811522920416|444.71811523
0|8|0.5898699061620923|0.58986991
0|8|2.4552895700353873E-9|0
0|8|13.0|13
0|8|194.70566904000566|194.70566904
0|8|0.1424057611385977|0.14240576
0|8|3.739392772516659E-10|0
0|8|7.0|7
0|8|225.29965008816703|225.29965009
0|8|0.6755240114928003|0.67552401
0|8|3.3986590925475225E-9|0
0|8|48.0|48
0|8|-166.04347935699337|-166.04347936
0|8|0.8083287288527613|0.80832873
0|8|2.8651061620061025E-9|0
0|8|29.0|29
0|8|27.263841932272044|27.26384193
0|8|0.42204034179717453|0.42204034
0|8|4.6333712797714165E-9|0
0|8|94.0|94
0|8|328.8101950349584|328.81019503
0|8|0.8208885106200168|0.82088851
0|8|3.754894014526169E-9|0
0|8|34.0|34
0|8|361.73721335258415|361.73721335
0|8|0.4206547517428645|0.42065475
0|8|1.00866554883861E-9|0
0|8|93.0|93
0|8|466.25803005403407|466.25803005
0|8|0.6228544201629813|0.62285442
0|8|-3.2730544066689205E-9|-0
0|8|43.0|43
0|8|-441.28439458513714|-441.28439459
0|8|0.3928991653679357|0.39289917
0|8|-4.3001375923963784E-9|-0
0|8|10.0|10
0|8|416.29377516758984|416.29377517
0|8|0.20218249296904356|0.20218249
0|8|6.299024004503961E-10|0
0|8|56.0|56
0|8|-419.7178296548585|-419.71782965
0|8|0.41688259090635793|0.41688259
0|8|6.01439765052083E-10|0
0|8|10.0|10
0|8|110.83609874539479|110.83609875
0|8|0.9203780707537543|0.92037807
0|8|-4.662905386461305E-9|-0
0|8|18.0|18
0|8|497.4608145187527|497.46081452
0|8|0.7415241337352465|0.74152413
0|8|-4.368148714535116E-9|-0
0|8|32.0|32
0|8|131.98930081393473|131.98930081
0|8|0.7276379438786885|0.72763794
0|8|-4.712494855593162E-9|-0
0|8|81.0|81
0|8|-115.38894620049956|-115.3889462
0|8|0.8488935564489962|0.84889356
0|8|1.1415204130695411E-10|0
0|8|81.0|81
0|8|488.5489924132561|488.54899241
0|8|0.5499286531234229|0.54992865
0|8|-4.877929212115091E-9|-0
0|8|16.0|16
0|8|-364.72936556883803|-364.72936557
0|8|0.6748163096975666|0.67481631
0|8|1.8964910946208704E-9|0
0|8|92.0|92
0|8|-90.3417899979101|-90.34179
0|8|0.8831571536052205|0.88315715
0|8|4.32938256811512E-9|0
0|8|14.0|14
0|8|-46.64782789933673|-46.6478279
0|8|0.14789870945392947|0.14789871
0|8|2.3765348462836133E-9|0
0|8|27.0|27
0|8|-465.47892378998614|-465.47892379
0|8|0.8795897940455562|0.87958979
0|8|3.1484787366068524E-10|0
0|8|89.0|89
0|8|-476.39991958127325|-476.39991958
0|8|0.4571300874903905|0.45713009
0|8|-1.906116013343654E-9|-0
0|8|16.0|16
0|8|127.07955733877509|127.07955734
0|8|0.46167626866248745|0.46167627
0|8|1.807378202162523E-9|0
0|8|57.0|57
0|8|115.2138700739788|115.21387007
0|8|0.7082174342666011|0.70821743
0|8|2.0545458753287303E-9|0
0|8|52.0|52
0|8|194.55997442611567|194.55997443
0|8|0.2484345321409117|0.24843453
0|8|-2.982338842877935E-9|-0
0|8|59.0|59
0|8|122.54432087431496|122.54432087
0|8|0.8788096664827789|0.87880967
0|8|4.515255560167231E-10|0
0|8|98.0|98
0|8|-361.20460803106687|-361.20460803
0|8|0.3295530741893903|0.32955307
0|8|3.462085360419409E-9|0
0|8|66.0|66
0|8|-203.23123560629517|-203.23123561
0|8|0.23276689693992036|0.2327669
0|8|2.945596265739877E-9|0
0|8|65.0|65
0|8|-180.7698835639817|-180.76988356
0|8|0.1723665217838387|0.17236652
0|8|-1.1336256845580883E-9|-0
0|8|65.0|65
0|8|172.45125673191308|172.45125673
0|8|0.6036316526960096|0.60363165
0|8|-2.829685642029387E-9|-0
0|8|75.0|75
0|8|156.51248082127108|156.51248082
0|8|0.19686130088289333|0.1968613
0|8|-4.937003829201109E-9|-0
0|8|19.0|19
0|8|-57.105368386038435|-57.10536839
0|8|0.20745782894193976|0.20745783
0|8|6.253395733873191E-10|0
0|8|14.0|14
0|8|-344.4175620597196|-344.41756206
0|8|0.8038671841542194|0.80386718
0|8|-7.03589439601836E-10|-0
0|8|56.0|56
0|8|-211.8098239160936|-211.80982392
0|8|0.8951539148042178|0.89515391
0|8|-4.377877476814321E-9|-0
0|8|40.0|40
0|8|-22.84006244451308|-22.84006244
0|8|0.8915910467146385|0.89159105
0|8|-1.4978686313342316E-10|-0
0|8|33.0|33
0|8|-90.12878878540465|-90.12878879
0|8|0.004496524367329502|0.00449652
0|8|-4.553975881623811E-9|-0
0|8|95.0|95
0|8|-63.45960603401522|-63.45960603
0|8|0.14564939403082033|0.14564939
0|8|-4.589755288962685E-9|-0
0|8|59.0|59
0|8|-223.9229572057002|-223.92295721
0|8|0.22197071696876958|0.22197072
0|8|2.3989279904584273E-9|0
0|8|51.0|51
0|8|-441.3964157743733|-441.39641577
0|8|0.6377553953875494|0.6377554
0|8|7.772241073649489E-11|0
0|8|98.0|98
0|8|331.1333930485324|331.13339305
0|8|0.1145930730043907|0.11459307
0|8|8.864074331503314E-10|0
0|8|74.0|74
16|16|227.5636800328681|227.5636800328681000
16|16|0.6832234717598454|0.6832234717598454
16|16|-1.9128054466734025E-9|-0.0000000019128054
16|16|28.0|28.0000000000000000
16|16|165.54895179457367|165.5489517945736700
16|16|0.9033722646721782|0.9033722646721782
16|16|-1.3121708658869436E-9|-0.0000000013121709
16|16|28.0|28.0000000000000000
16|16|-36.346424190846676|-36.3464241908466760
16|16|0.7829017787900358|0.7829017787900358
16|16|4.193277828687169E-9|0.0000000041932778
16|16|44.0|44.0000000000000000
16|16|249.90618125544745|249.9061812554474500
16|16|0.38656687435934867|0.3865668743593487
16|16|-3.2262152209062167E-9|-0.0000000032262152
16|16|59.0|59.0000000000000000
16|16|-290.2324311336679|-290.2324311336679000
16|16|0.825965871887821|0.8259658718878210
16|16|-3.2778206231214757E-9|-0.0000000032778206
16|16|59.0|59.0000000000000000
16|16|251.28040676746014|251.2804067674601400
16|16|0.5710403484148672|0.5710403484148672
16|16|8.00248845020607E-10|0.0000000008002488
16|16|75.0|75.0000000000000000
16|16|-468.5817611734192|-468.5817611734192000
16|16|0.35791991947712865|0.3579199194771286
16|16|3.1779693083563933E-9|0.0000000031779693
16|16|42.0|42.0000000000000000
16|16|474.03568149588136|474.0356814958813600
16|16|0.7134062578232291|0.7134062578232291
16|16|-1.942548344356565E-10|-0.0000000001942548
16|16|29.0|29.0000000000000000
16|16|449.86013465946667|449.8601346594666700
16|16|0.8204918233863466|0.8204918233863466
16|16|1.36644547856282E-9|0.0000000013664455
16|16|37.0|37.0000000000000000
16|16|-139.74512463386492|-139.7451246338649200
16|16|0.4346610851406103|0.4346610851406103
16|16|-4.268290555523058E-10|-0.0000000004268291
16|16|47.0|47.0000000000000000
16|16|-30.977479384431433|-30.9774793844314330
16|16|0.8273224240149951|0.8273224240149951
16|16|-3.4896844547124174E-9|-0.0000000034896845
16|16|83.0|83.0000000000000000
16|16|-39.69362733883884|-39.6936273388388400
16|16|0.2805719916728102|0.2805719916728102
16|16|-3.04035792576844E-9|-0.0000000030403579
16|16|18.0|18.0000000000000000
16|16|365.6867963273522|365.6867963273522000
16|16|0.48659066182619404|0.4865906618261940
16|16|-7.902829336897133E-10|-0.0000000007902829
16|16|63.0|63.0000000000000000
16|16|199.85864506717212|199.8586450671721200
16|16|0.31532845005767296|0.3153284500576730
16|16|7.162030552997667E-10|0.0000000007162031
16|16|37.0|37.0000000000000000
16|16|371.81459596483865|371.8145959648386500
16|16|0.805730942661998|0.8057309426619980
16|16|1.162136850351787E-9|0.0000000011621369
16|16|37.0|37.0000000000000000
16|16|197.24872926972944|197.2487292697294400
16|16|0.908614580207571|0.9086145802075710
16|16|-3.0385292811814848E-9|-0.0000000030385293
16|16|81.0|81.0000000000000000
16|16|127.93327541347264|127.9332754134726400
16|16|0.4633992710283451|0.4633992710283451
16|16|-1.9442084433255112E-9|-0.0000000019442084
16|16|54.0|54.0000000000000000
16|16|135.11101445638803|135.1110144563880300
16|16|0.12625782329876534|0.1262578232987653
16|16|-2.6731075240794546E-11|-0.0000000000267311
16|16|3.0|3.0000000000000000
16|16|-463.5154833097503|-463.5154833097503000
16|16|0.48384385495430515|0.4838438549543052
16|16|1.5505338110982103E-9|0.0000000015505338
16|16|40.0|40.0000000000000000
16|16|440.1724656853811|440.1724656853811000
16|16|0.3846108439172914|0.3846108439172914
16|16|1.4623197879764282E-9|0.0000000014623198
16|16|77.0|77.0000000000000000
16|16|394.0427958184089|394.0427958184089000
16|16|0.5988370371450177|0.5988370371450177
16|16|4.760344716184084E-9|0.0000000047603447
16|16|8.0|8.0000000000000000
16|16|275.1206959271756|275.1206959271756000
16|16|0.2788223024987677|0.2788223024987677
16|16|3.992053297295577E-9|0.0000000039920533
16|16|37.0|37.0000000000000000
16|16|-68.6904448645389|-68.6904448645389000
16|16|0.33232427838474854|0.3323242783847485
16|16|-1.8485252863268221E-9|-0.0000000018485253
16|16|44.0|44.0000000000000000
16|16|-403.549084119176|-403.5490841191760000
16|16|0.7451533062153856|0.7451533062153856
16|16|-3.291402621171025E-9|-0.0000000032914026
16|16|81.0|81.0000000000000000
16|16|-360.21040471313916|-360.2104047131391600
16|16|0.09294681694145557|0.0929468169414556
16|16|-4.7297013311786665E-9|-0.0000000047297013
16|16|55.0|55.0000000000000000
16|16|-217.8017138693519|-217.8017138693519000
16|16|0.9674953220085111|0.9674953220085111
16|16|4.0450107900156175E-9|0.0000000040450108
16|16|34.0|34.0000000000000000
16|16|-485.9441815472668|-485.9441815472668000
16|16|0.8095941248100625|0.8095941248100625
16|16|2.14943036897558E-10|0.0000000002149430
16|16|84.0|84.0000000000000000
16|16|83.46164859111889|83.4616485911188900
16|16|0.6882460693475149|0.6882460693475149
16|16|5.638220131905191E-10|0.0000000005638220
16|16|12.0|12.0000000000000000
16|16|88.5086368942899|88.5086368942899000
16|16|0.8951422853569353|0.8951422853569353
16|16|1.2647516520397206E-9|0.0000000012647517
16|16|38.0|38.0000000000000000
16|16|403.6250947502425|403.6250947502425000
16|16|0.8336996010963523|0.8336996010963523
16|16|-2.398063688338662E-9|-0.0000000023980637
16|16|96.0|96.0000000000000000
16|16|-102.46384398439687|-102.4638439843968700
16|16|0.5735347186765608|0.5735347186765608
16|16|-2.4183499896083393E-9|-0.0000000024183500
16|16|82.0|82.0000000000000000
16|16|159.18347431918642|159.1834743191864200
16|16|0.6141067547923854|0.6141067547923854
16|16|-1.1802625543074652E-10|-0.0000000001180263
16|16|36.0|36.0000000000000000
16|16|237.9816322918872|237.9816322918872000
16|16|0.8553614909816327|0.8553614909816327
16|16|-1.6025289140574205E-9|-0.0000000016025289
16|16|76.0|76.0000000000000000
16|16|226.07820494090754|226.0782049409075400
16|16|0.5085622348730312|0.5085622348730312
16|16|2.7540991859246467E-9|0.0000000027540992
16|16|38.0|38.0000000000000000
16|16|362.8241587977617|362.8241587977617000
16|16|0.69709331396258|0.6970933139625800
16|16|-3.398692457118191E-9|-0.0000000033986925
16|16|80.0|80.0000000000000000
16|16|225.4495536207421|225.4495536207421000
16|16|0.794874724221567|0.7948747242215670
16|16|3.232409155751369E-9|0.0000000032324092
16|16|85.0|85.0000000000000000
16|16|484.97920534651905|484.9792053465190500
16|16|0.12912668650457682|0.1291266865045768
16|16|1.1409482419892247E-9|0.0000000011409482
16|16|54.0|54.0000000000000000
16|16|-347.28825691886124|-347.2882569188612400
16|16|0.5345760098961941|0.5345760098961941
16|16|4.899373282939712E-10|0.0000000004899373
16|16|33.0|33.0000000000000000
16|16|220.12467540122555|220.1246754012255500
16|16|0.38779615803820233|0.3877961580382023
16|16|-4.8475337854456124E-9|-0.0000000048475338
16|16|10.0|10.0000000000000000
16|16|-396.143102758699|-396.1431027586990000
16|16|0.1732256480735601|0.1732256480735601
16|16|3.976338235309476E-9|0.0000000039763382
16|16|42.0|42.0000000000000000
16|16|347.4594867482883|347.4594867482883000
16|16|0.336510352176303|0.3365103521763030
16|16|-7.679831790914638E-10|-0.0000000007679832
16|16|5.0|5.0000000000000000
16|16|102.89446959656584|102.8944695965658400
16|16|0.16616716052142333|0.1661671605214233
16|16|-1.7768278662003811E-10|-0.0000000001776828
16|16|57.0|57.0000000000000000
16|16|17.300271039095946|17.3002710390959460
16|16|0.7111676032533552|0.7111676032533552
16|16|1.7639122984870549E-9|0.0000000017639123
16|16|85.0|85.0000000000000000
16|16|284.33193773028484|284.3319377302848400
16|16|0.28989223547759446|0.2898922354775945
16|16|-1.3051361964124607E-9|-0.0000000013051362
16|16|51.0|51.0000000000000000
16|16|-215.57724039389637|-215.5772403938963700
16|16|0.9750075836495604|0.9750075836495604
16|16|7.190317890355347E-10|0.0000000007190318
16|16|12.0|12.0000000000000000
16|16|-65.39649540941929|-65.3964954094192900
16|16|0.5491691115143541|0.5491691115143541
16|16|7.673541937964212E-10|0.0000000007673542
16|16|73.0|73.0000000000000000
16|16|96.0541733652932|96.0541733652932000
16|16|0.8180555270246112|0.8180555270246112
16|16|3.8376305911854955E-9|0.0000000038376306
16|16|37.0|37.0000000000000000
16|16|146.35255251184572|146.3525525118457200
16|16|0.840091222384709|0.8400912223847090
16|16|-4.031416139308648E-9|-0.0000000040314161
16|16|91.0|91.0000000000000000
16|16|113.4225062085444|113.4225062085444000
16|16|0.5863145983289133|0.5863145983289133
16|16|-3.389386833063297E-9|-0.0000000033893868
16|16|100.0|100.0000000000000000
16|16|89.47450865696817|89.4745086569681700
16|16|0.7792026912116196|0.7792026912116196
16|16|1.7479473521840872E-10|0.0000000001747947
16|16|7.0|7.0000000000000000
16|16|-4.230600322544433|-4.2306003225444330
16|16|0.175863201981718|0.1758632019817180
16|16|-2.6672386698149976E-11|-0.0000000000266724
16|16|69.0|69.0000000000000000
16|16|152.82617333395342|152.8261733339534200
16|16|0.35885662535669116|0.3588566253566912
16|16|5.0875603692069E-10|0.0000000005087560
16|16|77.0|77.0000000000000000
16|16|25.732565377377682|25.7325653773776820
16|16|0.17701350179026742|0.1770135017902674
16|16|2.1259506725047384E-9|0.0000000021259507
16|16|55.0|55.0000000000000000
16|16|-39.4921952155176|-39.4921952155176000
16|16|0.33896250975681763|0.3389625097568176
16|16|-4.590035930609633E-9|-0.0000000045900359
16|16|80.0|80.0000000000000000
16|16|205.00407294358843|205.0040729435884300
16|16|0.3036869679733477|0.3036869679733477
16|16|1.3945183842844855E-9|0.0000000013945184
16|16|57.0|57.0000000000000000
16|16|16.624213063746765|16.6242130637467650
16|16|0.5352792237599756|0.5352792237599756
16|16|-2.3599757798510556E-9|-0.0000000023599758
16|16|16.0|16.0000000000000000
16|16|199.17073568985347|199.1707356898534700
16|16|0.39316353033715945|0.3931635303371595
16|16|-4.5332817377406246E-10|-0.0000000004533282
16|16|27.0|27.0000000000000000
16|16|-17.568910446122402|-17.5689104461224020
16|16|0.4144095098620818|0.4144095098620818
16|16|8.872732301140285E-10|0.0000000008872732
16|16|16.0|16.0000000000000000
16|16|-239.35699139115252|-239.3569913911525200
16|16|0.5113606074523155|0.5113606074523155
16|16|-2.523824644651195E-9|-0.0000000025238246
16|16|63.0|63.0000000000000000
16|16|-160.2271827202705|-160.2271827202705000
16|16|0.655652397024369|0.6556523970243690
16|16|3.134709073783778E-9|0.0000000031347091
16|16|99.0|99.0000000000000000
16|16|8.578384985524565|8.5783849855245650
16|16|0.9487981214932968|0.9487981214932968
16|16|-2.329728046001707E-9|-0.0000000023297280
16|16|64.0|64.0000000000000000
16|16|444.71811522920416|444.7181152292041600
16|16|0.5898699061620923|0.5898699061620923
16|16|2.4552895700353873E-9|0.0000000024552896
16|16|13.0|13.0000000000000000
16|16|194.70566904000566|194.7056690400056600
16|16|0.1424057611385977|0.1424057611385977
16|16|3.739392772516659E-10|0.0000000003739393
16|16|7.0|7.0000000000000000
16|16|225.29965008816703|225.2996500881670300
16|16|0.6755240114928003|0.6755240114928003
16|16|3.3986590925475225E-9|0.0000000033986591
16|16|48.0|48.0000000000000000
16|16|-166.04347935699337|-166.0434793569933700
16|16|0.8083287288527613|0.8083287288527613
16|16|2.8651061620061025E-9|0.0000000028651062
16|16|29.0|29.0000000000000000
16|16|27.263841932272044|27.2638419322720440
16|16|0.42204034179717453|0.4220403417971745
16|16|4.6333712797714165E-9|0.0000000046333713
16|16|94.0|94.0000000000000000
16|16|328.8101950349584|328.8101950349584000
16|16|0.8208885106200168|0.8208885106200168
16|16|3.754894014526169E-9|0.0000000037548940
16|16|34.0|34.0000000000000000
16|16|361.73721335258415|361.7372133525841500
16|16|0.4206547517428645|0.4206547517428645
16|16|1.00866554883861E-9|0.0000000010086655
16|16|93.0|93.0000000000000000
16|16|466.25803005403407|466.2580300540340700
16|16|0.6228544201629813|0.6228544201629813
16|16|-3.2730544066689205E-9|-0.0000000032730544
16|16|43.0|43.0000000000000000
16|16|-441.28439458513714|-441.2843945851371400
16|16|0.3928991653679357|0.3928991653679357
16|16|-4.3001375923963784E-9|-0.0000000043001376
16|16|10.0|10.0000000000000000
16|16|416.29377516758984|416.2937751675898400
16|16|0.20218249296904356|0.2021824929690436
16|16|6.299024004503961E-10|0.0000000006299024
16|16|56.0|56.0000000000000000
16|16|-419.7178296548585|-419.7178296548585000
16|16|0.41688259090635793|0.4168825909063579
16|16|6.01439765052083E-10|0.0000000006014398
16|16|10.0|10.0000000000000000
16|16|110.83609874539479|110.8360987453947900
16|16|0.9203780707537543|0.9203780707537543
16|16|-4.662905386461305E-9|-0.0000000046629054
16|16|18.0|18.0000000000000000
16|16|497.4608145187527|497.4608145187527000
16|16|0.7415241337352465|0.7415241337352465
16|16|-4.368148714535116E-9|-0.0000000043681487
16|16|32.0|32.0000000000000000
16|16|131.98930081393473|131.9893008139347300
16|16|0.7276379438786885|0.7276379438786885
16|16|-4.712494855593162E-9|-0.0000000047124949
16|16|81.0|81.0000000000000000
16|16|-115.38894620049956|-115.3889462004995600
16|16|0.8488935564489962|0.8488935564489962
16|16|1.1415204130695411E-10|0.0000000001141520
16|16|81.0|81.0000000000000000
16|16|488.5489924132561|488.5489924132561000
16|16|0.5499286531234229|0.5499286531234229
16|16|-4.877929212115091E-9|-0.0000000048779292
16|16|16.0|16.0000000000000000
16|16|-364.72936556883803|-364.7293655688380300
16|16|0.6748163096975666|0.6748163096975666
16|16|1.8964910946208704E-9|0.0000000018964911
16|16|92.0|92.0000000000000000
16|16|-90.3417899979101|-90.3417899979101000
16|16|0.8831571536052205|0.8831571536052205
16|16|4.32938256811512E-9|0.0000000043293826
16|16|14.0|14.0000000000000000
16|16|-46.64782789933673|-46.6478278993367300
16|16|0.14789870945392947|0.1478987094539295
16|16|2.3765348462836133E-9|0.0000000023765348
16|16|27.0|27.0000000000000000
16|16|-465.47892378998614|-465.4789237899861400
16|16|0.8795897940455562|0.8795897940455562
16|16|3.1484787366068524E-10|0.0000000003148479
16|16|89.0|89.0000000000000000
16|16|-476.39991958127325|-476.3999195812732500
16|16|0.4571300874903905|0.4571300874903905
16|16|-1.906116013343654E-9|-0.0000000019061160
16|16|16.0|16.0000000000000000
16|16|127.07955733877509|127.0795573387750900
16|16|0.46167626866248745|0.4616762686624875
16|16|1.807378202162523E-9|0.0000000018073782
16|16|57.0|57.0000000000000000
16|16|115.2138700739788|115.2138700739788000
16|16|0.7082174342666011|0.7082174342666011
16|16|2.0545458753287303E-9|0.0000000020545459
16|16|52.0|52.0000000000000000
16|16|194.55997442611567|194.5599744261156700
16|16|0.2484345321409117|0.2484345321409117
16|16|-2.982338842877935E-9|-0.0000000029823388
16|16|59.0|59.0000000000000000
16|16|122.54432087431496|122.5443208743149600
16|16|0.8788096664827789|0.8788096664827789
16|16|4.515255560167231E-10|0.0000000004515256
16|16|98.0|98.0000000000000000
16|16|-361.20460803106687|-361.2046080310668700
16|16|0.3295530741893903|0.3295530741893903
16|16|3.462085360419409E-9|0.0000000034620854
16|16|66.0|66.0000000000000000
16|16|-203.23123560629517|-203.2312356062951700
16|16|0.23276689693992036|0.2327668969399204
16|16|2.945596265739877E-9|0.0000000029455963
16|16|65.0|65.0000000000000000
16|16|-180.7698835639817|-180.7698835639817000
16|16|0.1723665217838387|0.1723665217838387
16|16|-1.1336256845580883E-9|-0.0000000011336257
16|16|65.0|65.0000000000000000
16|16|172.45125673191308|172.4512567319130800
16|16|0.6036316526960096|0.6036316526960096
16|16|-2.829685642029387E-9|-0.0000000028296856
16|16|75.0|75.0000000000000000
16|16|156.51248082127108|156.5124808212710800
16|16|0.19686130088289333|0.1968613008828933
16|16|-4.937003829201109E-9|-0.0000000049370038
16|16|19.0|19.0000000000000000
16|16|-57.105368386038435|-57.1053683860384350
16|16|0.20745782894193976|0.2074578289419398
16|16|6.253395733873191E-10|0.0000000006253396
16|16|14.0|14.0000000000000000
16|16|-344.4175620597196|-344.4175620597196000
16|16|0.8038671841542194|0.8038671841542194
16|16|-7.03589439601836E-10|-0.0000000007035894
16|16|56.0|56.0000000000000000
16|16|-211.8098239160936|-211.8098239160936000
16|16|0.8951539148042178|0.8951539148042178
16|16|-4.377877476814321E-9|-0.0000000043778775
16|16|40.0|40.0000000000000000
16|16|-22.84006244451308|-22.8400624445130800
16|16|0.8915910467146385|0.8915910467146385
16|16|-1.4978686313342316E-10|-0.0000000001497869
16|16|33.0|33.0000000000000000
16|16|-90.12878878540465|-90.1287887854046500
16|16|0.004496524367329502|0.0044965243673295
16|16|-4.553975881623811E-9|-0.0000000045539759
16|16|95.0|95.0000000000000000
16|16|-63.45960603401522|-63.4596060340152200
16|16|0.14564939403082033|0.1456493940308203
16|16|-4.589755288962685E-9|-0.0000000045897553
16|16|59.0|59.0000000000000000
16|16|-223.9229572057002|-223.9229572057002000
16|16|0.22197071696876958|0.2219707169687696
16|16|2.3989279904584273E-9|0.0000000023989280
16|16|51.0|51.0000000000000000
16|16|-441.3964157743733|-441.3964157743733000
16|16|0.6377553953875494|0.6377553953875494
16|16|7.772241073649489E-11|0.0000000000777224
16|16|98.0|98.0000000000000000
16|16|331.1333930485324|331.1333930485324000
16|16|0.1145930730043907|0.1145930730043907
16|16|8.864074331503314E-10|0.0000000008864074
16|16|74.0|74.0000000000000000
0|19|227.5636800328681|227.5636800328681
0|19|0.6832234717598454|0.6832234717598454
0|19|-1.9128054466734025E-9|-0.0000000019128054467
0|19|28.0|28
0|19|165.54895179457367|165.54895179457367
0|19|0.9033722646721782|0.9033722646721782
0|19|-1.3121708658869436E-9|-0.0000000013121708659
0|19|28.0|28
0|19|-36.346424190846676|-36.346424190846676
0|19|0.7829017787900358|0.7829017787900358
0|19|4.193277828687169E-9|0.0000000041932778287
0|19|44.0|44
0|19|249.90618125544745|249.90618125544745
0|19|0.38656687435934867|0.38656687435934867
0|19|-3.2262152209062167E-9|-0.0000000032262152209
0|19|59.0|59
0|19|-290.2324311336679|-290.2324311336679
0|19|0.825965871887821|0.825965871887821
0|19|-3.2778206231214757E-9|-0.0000000032778206231
0|19|59.0|59
0|19|251.28040676746014|251.28040676746014
0|19|0.5710403484148672|0.5710403484148672
0|19|8.00248845020607E-10|0.000000000800248845
0|19|75.0|75
0|19|-468.5817611734192|-468.5817611734192
0|19|0.35791991947712865|0.35791991947712865
0|19|3.1779693083563933E-9|0.0000000031779693084
0|19|42.0|42
0|19|474.03568149588136|474.03568149588136
0|19|0.7134062578232291|0.7134062578232291
0|19|-1.942548344356565E-10|-0.0000000001942548344
0|19|29.0|29
0|19|449.86013465946667|449.86013465946667
0|19|0.8204918233863466|0.8204918233863466
0|19|1.36644547856282E-9|0.0000000013664454786
0|19|37.0|37
0|19|-139.74512463386492|-139.74512463386492
0|19|0.4346610851406103|0.4346610851406103
0|19|-4.268290555523058E-10|-0.0000000004268290556
0|19|47.0|47
0|19|-30.977479384431433|-30.977479384431433
0|19|0.8273224240149951|0.8273224240149951
0|19|-3.4896844547124174E-9|-0.0000000034896844547
0|19|83.0|83
0|19|-39.69362733883884|-39.69362733883884
0|19|0.2805719916728102|0.2805719916728102
0|19|-3.04035792576844E-9|-0.0000000030403579258
0|19|18.0|18
0|19|365.6867963273522|365.6867963273522
0|19|0.48659066182619404|0.48659066182619404
0|19|-7.902829336897133E-10|-0.0000000007902829337
0|19|63.0|63
0|19|199.85864506717212|199.85864506717212
0|19|0.31532845005767296|0.31532845005767296
0|19|7.162030552997667E-10|0.0000000007162030553
0|19|37.0|37
0|19|371.81459596483865|371.81459596483865
0|19|0.805730942661998|0.805730942661998
0|19|1.162136850351787E-9|0.0000000011621368504
0|19|37.0|37
0|19|197.24872926972944|197.24872926972944
0|19|0.908614580207571|0.908614580207571
0|19|-3.0385292811814848E-9|-0.0000000030385292812
0|19|81.0|81
0|19|127.93327541347264|127.93327541347264
0|19|0.4633992710283451|0.4633992710283451
0|19|-1.9442084433255112E-9|-0.0000000019442084433
0|19|54.0|54
0|19|135.11101445638803|135.11101445638803
0|19|0.12625782329876534|0.12625782329876534
0|19|-2.6731075240794546E-11|-0.0000000000267310752
0|19|3.0|3
0|19|-463.5154833097503|-463.5154833097503
0|19|0.48384385495430515|0.48384385495430515
0|19|1.5505338110982103E-9|0.0000000015505338111
0|19|40.0|40
0|19|440.1724656853811|440.1724656853811
0|19|0.3846108439172914|0.3846108439172914
0|19|1.4623197879764282E-9|0.000000001462319788
0|19|77.0|77
0|19|394.0427958184089|394.0427958184089
0|19|0.5988370371450177|0.5988370371450177
0|19|4.760344716184084E-9|0.0000000047603447162
0|19|8.0|8
0|19|275.1206959271756|275.1206959271756
0|19|0.2788223024987677|0.2788223024987677
0|19|3.992053297295577E-9|0.0000000039920532973
0|19|37.0|37
0|19|-68.6904448645389|-68.6904448645389
0|19|0.33232427838474854|0.33232427838474854
0|19|-1.8485252863268221E-9|-0.0000000018485252863
0|19|44.0|44
0|19|-403.549084119176|-403.549084119176
0|19|0.7451533062153856|0.7451533062153856
0|19|-3.291402621171025E-9|-0.0000000032914026212
0|19|81.0|81
0|19|-360.21040471313916|-360.21040471313916
0|19|0.09294681694145557|0.09294681694145557
0|19|-4.7297013311786665E-9|-0.0000000047297013312
0|19|55.0|55
0|19|-217.8017138693519|-217.8017138693519
0|19|0.9674953220085111|0.9674953220085111
0|19|4.0450107900156175E-9|0.00000000404501079
0|19|34.0|34
0|19|-485.9441815472668|-485.9441815472668
0|19|0.8095941248100625|0.8095941248100625
0|19|2.14943036897558E-10|0.0000000002149430369
0|19|84.0|84
0|19|83.46164859111889|83.46164859111889
0|19|0.6882460693475149|0.6882460693475149
0|19|5.638220131905191E-10|0.0000000005638220132
0|19|12.0|12
0|19|88.5086368942899|88.5086368942899
0|19|0.8951422853569353|0.8951422853569353
0|19|1.2647516520397206E-9|0.000000001264751652
0|19|38.0|38
0|19|403.6250947502425|403.6250947502425
0|19|0.8336996010963523|0.8336996010963523
0|19|-2.398063688338662E-9|-0.0000000023980636883
0|19|96.0|96
0|19|-102.46384398439687|-102.46384398439687
0|19|0.5735347186765608|0.5735347186765608
0|19|-2.4183499896083393E-9|-0.0000000024183499896
0|19|82.0|82
0|19|159.18347431918642|159.18347431918642
0|19|0.6141067547923854|0.6141067547923854
0|19|-1.1802625543074652E-10|-0.0000000001180262554
0|19|36.0|36
0|19|237.9816322918872|237.9816322918872
0|19|0.8553614909816327|0.8553614909816327
0|19|-1.6025289140574205E-9|-0.0000000016025289141
0|19|76.0|76
0|19|226.07820494090754|226.07820494090754
0|19|0.5085622348730312|0.5085622348730312
0|19|2.7540991859246467E-9|0.0000000027540991859
0|19|38.0|38
0|19|362.8241587977617|362.8241587977617
0|19|0.69709331396258|0.69709331396258
0|19|-3.398692457118191E-9|-0.0000000033986924571
0|19|80.0|80
0|19|225.4495536207421|225.4495536207421
0|19|0.794874724221567|0.794874724221567
0|19|3.232409155751369E-9|0.0000000032324091558
0|19|85.0|85
0|19|484.97920534651905|484.97920534651905
0|19|0.12912668650457682|0.12912668650457682
0|19|1.1409482419892247E-9|0.000000001140948242
0|19|54.0|54
0|19|-347.28825691886124|-347.28825691886124
0|19|0.5345760098961941|0.5345760098961941
0|19|4.899373282939712E-10|0.0000000004899373283
0|19|33.0|33
0|19|220.12467540122555|220.12467540122555
0|19|0.38779615803820233|0.38779615803820233
0|19|-4.8475337854456124E-9|-0.0000000048475337854
0|19|10.0|10
0|19|-396.143102758699|-396.143102758699
0|19|0.1732256480735601|0.1732256480735601
0|19|3.976338235309476E-9|0.0000000039763382353
0|19|42.0|42
0|19|347.4594867482883|347.4594867482883
0|19|0.336510352176303|0.336510352176303
0|19|-7.679831790914638E-10|-0.0000000007679831791
0|19|5.0|5
0|19|102.89446959656584|102.89446959656584
0|19|0.16616716052142333|0.16616716052142333
0|19|-1.7768278662003811E-10|-0.0000000001776827866
0|19|57.0|57
0|19|17.300271039095946|17.300271039095946
0|19|0.7111676032533552|0.7111676032533552
0|19|1.7639122984870549E-9|0.0000000017639122985
0|19|85.0|85
0|19|284.33193773028484|284.33193773028484
0|19|0.28989223547759446|0.28989223547759446
0|19|-1.3051361964124607E-9|-0.0000000013051361964
0|19|51.0|51
0|19|-215.57724039389637|-215.57724039389637
0|19|0.9750075836495604|0.9750075836495604
0|19|7.190317890355347E-10|0.000000000719031789
0|19|12.0|12
0|19|-65.39649540941929|-65.39649540941929
0|19|0.5491691115143541|0.5491691115143541
0|19|7.673541937964212E-10|0.0000000007673541938
0|19|73.0|73
0|19|96.0541733652932|96.0541733652932
0|19|0.8180555270246112|0.8180555270246112
0|19|3.8376305911854955E-9|0.0000000038376305912
0|19|37.0|37
0|19|146.35255251184572|146.35255251184572
0|19|0.840091222384709|0.840091222384709
0|19|-4.031416139308648E-9|-0.0000000040314161393
0|19|91.0|91
0|19|113.4225062085444|113.4225062085444
0|19|0.5863145983289133|0.5863145983289133
0|19|-3.389386833063297E-9|-0.0000000033893868331
0|19|100.0|100
0|19|89.47450865696817|89.47450865696817
0|19|0.7792026912116196|0.7792026912116196
0|19|1.7479473521840872E-10|0.0000000001747947352
0|19|7.0|7
0|19|-4.230600322544433|-4.230600322544433
0|19|0.175863201981718|0.175863201981718
0|19|-2.6672386698149976E-11|-0.0000000000266723867
0|19|69.0|69
0|19|152.82617333395342|152.82617333395342
0|19|0.35885662535669116|0.35885662535669116
0|19|5.0875603692069E-10|0.0000000005087560369
0|19|77.0|77
0|19|25.732565377377682|25.732565377377682
0|19|0.17701350179026742|0.17701350179026742
0|19|2.1259506725047384E-9|0.0000000021259506725
0|19|55.0|55
0|19|-39.4921952155176|-39.4921952155176
0|19|0.33896250975681763|0.33896250975681763
0|19|-4.590035930609633E-9|-0.0000000045900359306
0|19|80.0|80
0|19|205.00407294358843|205.00407294358843
0|19|0.3036869679733477|0.3036869679733477
0|19|1.3945183842844855E-9|0.0000000013945183843
0|19|57.0|57
0|19|16.624213063746765|16.624213063746765
0|19|0.5352792237599756|0.5352792237599756
0|19|-2.3599757798510556E-9|-0.0000000023599757799
0|19|16.0|16
0|19|199.17073568985347|199.17073568985347
0|19|0.39316353033715945|0.39316353033715945
0|19|-4.5332817377406246E-10|-0.0000000004533281738
0|19|27.0|27
0|19|-17.568910446122402|-17.568910446122402
0|19|0.4144095098620818|0.4144095098620818
0|19|8.872732301140285E-10|0.0000000008872732301
0|19|16.0|16
0|19|-239.35699139115252|-239.35699139115252
0|19|0.5113606074523155|0.5113606074523155
0|19|-2.523824644651195E-9|-0.0000000025238246447
0|19|63.0|63
0|19|-160.2271827202705|-160.2271827202705
0|19|0.655652397024369|0.655652397024369
0|19|3.134709073783778E-9|0.0000000031347090738
0|19|99.0|99
0|19|8.578384985524565|8.578384985524565
0|19|0.9487981214932968|0.9487981214932968
0|19|-2.329728046001707E-9|-0.000000002329728046
0|19|64.0|64
0|19|444.71811522920416|444.71811522920416
0|19|0.5898699061620923|0.5898699061620923
0|19|2.4552895700353873E-9|0.00000000245528957
0|19|13.0|13
0|19|194.70566904000566|194.70566904000566
0|19|0.1424057611385977|0.1424057611385977
0|19|3.739392772516659E-10|0.0000000003739392773
0|19|7.0|7
0|19|225.29965008816703|225.29965008816703
0|19|0.6755240114928003|0.6755240114928003
0|19|3.3986590925475225E-9|0.0000000033986590925
0|19|48.0|48
0|19|-166.04347935699337|-166.04347935699337
0|19|0.8083287288527613|0.8083287288527613
0|19|2.8651061620061025E-9|0.000000002865106162
0|19|29.0|29
0|19|27.263841932272044|27.263841932272044
0|19|0.42204034179717453|0.42204034179717453
0|19|4.6333712797714165E-9|0.0000000046333712798
0|19|94.0|94
0|19|328.8101950349584|328.8101950349584
0|19|0.8208885106200168|0.8208885106200168
0|19|3.754894014526169E-9|0.0000000037548940145
0|19|34.0|34
0|19|361.73721335258415|361.73721335258415
0|19|0.4206547517428645|0.4206547517428645
0|19|1.00866554883861E-9|0.0000000010086655488
0|19|93.0|93
0|19|466.25803005403407|466.25803005403407
0|19|0.6228544201629813|0.6228544201629813
0|19|-3.2730544066689205E-9|-0.0000000032730544067
0|19|43.0|43
0|19|-441.28439458513714|-441.28439458513714
0|19|0.3928991653679357|0.3928991653679357
0|19|-4.3001375923963784E-9|-0.0000000043001375924
0|19|10.0|10
0|19|416.29377516758984|416.29377516758984
0|19|0.20218249296904356|0.20218249296904356
0|19|6.299024004503961E-10|0.0000000006299024005
0|19|56.0|56
0|19|-419.7178296548585|-419.7178296548585
0|19|0.41688259090635793|0.41688259090635793
0|19|6.01439765052083E-10|0.0000000006014397651
0|19|10.0|10
0|19|110.83609874539479|110.83609874539479
0|19|0.9203780707537543|0.9203780707537543
0|19|-4.662905386461305E-9|-0.0000000046629053865
0|19|18.0|18
0|19|497.4608145187527|497.4608145187527
0|19|0.7415241337352465|0.7415241337352465
0|19|-4.368148714535116E-9|-0.0000000043681487145
0|19|32.0|32
0|19|131.98930081393473|131.98930081393473
0|19|0.7276379438786885|0.7276379438786885
0|19|-4.712494855593162E-9|-0.0000000047124948556
0|19|81.0|81
0|19|-115.38894620049956|-115.38894620049956
0|19|0.8488935564489962|0.8488935564489962
0|19|1.1415204130695411E-10|0.0000000001141520413
0|19|81.0|81
0|19|488.5489924132561|488.5489924132561
0|19|0.5499286531234229|0.5499286531234229
0|19|-4.877929212115091E-9|-0.0000000048779292121
0|19|16.0|16
0|19|-364.72936556883803|-364.72936556883803
0|19|0.6748163096975666|0.6748163096975666
0|19|1.8964910946208704E-9|0.0000000018964910946
0|19|92.0|92
0|19|-90.3417899979101|-90.3417899979101
0|19|0.8831571536052205|0.8831571536052205
0|19|4.32938256811512E-9|0.0000000043293825681
0|19|14.0|14
0|19|-46.64782789933673|-46.64782789933673
0|19|0.14789870945392947|0.14789870945392947
0|19|2.3765348462836133E-9|0.0000000023765348463
0|19|27.0|27
0|19|-465.47892378998614|-465.47892378998614
0|19|0.8795897940455562|0.8795897940455562
0|19|3.1484787366068524E-10|0.0000000003148478737
0|19|89.0|89
0|19|-476.39991958127325|-476.39991958127325
0|19|0.4571300874903905|0.4571300874903905
0|19|-1.906116013343654E-9|-0.0000000019061160133
0|19|16.0|16
0|19|127.07955733877509|127.07955733877509
0|19|0.46167626866248745|0.46167626866248745
0|19|1.807378202162523E-9|0.0000000018073782022
0|19|57.0|57
0|19|115.2138700739788|115.2138700739788
0|19|0.7082174342666011|0.7082174342666011
0|19|2.0545458753287303E-9|0.0000000020545458753
0|19|52.0|52
0|19|194.55997442611567|194.55997442611567
0|19|0.2484345321409117|0.2484345321409117
0|19|-2.982338842877935E-9|-0.0000000029823388429
0|19|59.0|59
0|19|122.54432087431496|122.54432087431496
0|19|0.8788096664827789|0.8788096664827789
0|19|4.515255560167231E-10|0.000000000451525556
0|19|98.0|98
0|19|-361.20460803106687|-361.20460803106687
0|19|0.3295530741893903|0.3295530741893903
0|19|3.462085360419409E-9|0.0000000034620853604
0|19|66.0|66
0|19|-203.23123560629517|-203.23123560629517
0|19|0.23276689693992036|0.23276689693992036
0|19|2.945596265739877E-9|0.0000000029455962657
0|19|65.0|65
0|19|-180.7698835639817|-180.7698835639817
0|19|0.1723665217838387|0.1723665217838387
0|19|-1.1336256845580883E-9|-0.0000000011336256846
0|19|65.0|65
0|19|172.45125673191308|172.45125673191308
0|19|0.6036316526960096|0.6036316526960096
0|19|-2.829685642029387E-9|-0.000000002829685642
0|19|75.0|75
0|19|156.51248082127108|156.51248082127108
0|19|0.19686130088289333|0.19686130088289333
0|19|-4.937003829201109E-9|-0.0000000049370038292
0|19|19.0|19
0|19|-57.105368386038435|-57.105368386038435
0|19|0.20745782894193976|0.20745782894193976
0|19|6.253395733873191E-10|0.0000000006253395734
0|19|14.0|14
0|19|-344.4175620597196|-344.4175620597196
0|19|0.8038671841542194|0.8038671841542194
0|19|-7.03589439601836E-10|-0.0000000007035894396
0|19|56.0|56
0|19|-211.8098239160936|-211.8098239160936
0|19|0.8951539148042178|0.8951539148042178
0|19|-4.377877476814321E-9|-0.0000000043778774768
0|19|40.0|40
0|19|-22.84006244451308|-22.84006244451308
0|19|0.8915910467146385|0.8915910467146385
0|19|-1.4978686313342316E-10|-0.0000000001497868631
0|19|33.0|33
0|19|-90.12878878540465|-90.12878878540465
0|19|0.004496524367329502|0.004496524367329502
0|19|-4.553975881623811E-9|-0.0000000045539758816
0|19|95.0|95
0|19|-63.45960603401522|-63.45960603401522
0|19|0.14564939403082033|0.14564939403082033
0|19|-4.589755288962685E-9|-0.000000004589755289
0|19|59.0|59
0|19|-223.9229572057002|-223.9229572057002
0|19|0.22197071696876958|0.22197071696876958
0|19|2.3989279904584273E-9|0.0000000023989279905
0|19|51.0|51
0|19|-441.3964157743733|-441.3964157743733
0|19|0.6377553953875494|0.6377553953875494
0|19|7.772241073649489E-11|0.0000000000777224107
0|19|98.0|98
0|19|331.1333930485324|331.1333930485324
0|19|0.1145930730043907|0.1145930730043907
0|19|8.864074331503314E-10|0.0000000008864074332
0|19|74.0|74
1|5|227.5636800328681|227.56368
1|5|0.6832234717598454|0.68322
1|5|-1.9128054466734025E-9|-0.0
1|5|28.0|28.0
1|5|165.54895179457367|165.54895
1|5|0.9033722646721782|0.90337
1|5|-1.3121708658869436E-9|-0.0
1|5|28.0|28.0
1|5|-36.346424190846676|-36.34642
1|5|0.7829017787900358|0.7829
1|5|4.193277828687169E-9|0.0
1|5|44.0|44.0
1|5|249.90618125544745|249.90618
1|5|0.38656687435934867|0.38657
1|5|-3.2262152209062167E-9|-0.0
1|5|59.0|59.0
1|5|-290.2324311336679|-290.23243
1|5|0.825965871887821|0.82597
1|5|-3.2778206231214757E-9|-0.0
1|5|59.0|59.0
1|5|251.28040676746014|251.28041
1|5|0.5710403484148672|0.57104
1|5|8.00248845020607E-10|0.0
1|5|75.0|75.0
1|5|-468.5817611734192|-468.58176
1|5|0.35791991947712865|0.35792
1|5|3.1779693083563933E-9|0.0
1|5|42.0|42.0
1|5|474.03568149588136|474.03568
1|5|0.7134062578232291|0.71341
1|5|-1.942548344356565E-10|-0.0
1|5|29.0|29.0
1|5|449.86013465946667|449.86013
1|5|0.8204918233863466|0.82049
1|5|1.36644547856282E-9|0.0
1|5|37.0|37.0
1|5|-139.74512463386492|-139.74512
1|5|0.4346610851406103|0.43466
1|5|-4.268290555523058E-10|-0.0
1|5|47.0|47.0
1|5|-30.977479384431433|-30.97748
1|5|0.8273224240149951|0.82732
1|5|-3.4896844547124174E-9|-0.0
1|5|83.0|83.0
1|5|-39.69362733883884|-39.69363
1|5|0.2805719916728102|0.28057
1|5|-3.04035792576844E-9|-0.0
1|5|18.0|18.0
1|5|365.6867963273522|365.6868
1|5|0.48659066182619404|0.48659
1|5|-7.902829336897133E-10|-0.0
1|5|63.0|63.0
1|5|199.85864506717212|199.85865
1|5|0.31532845005767296|0.31533
1|5|7.162030552997667E-10|0.0
1|5|37.0|37.0
1|5|371.81459596483865|371.8146
1|5|0.805730942661998|0.80573
1|5|1.162136850351787E-9|0.0
1|5|37.0|37.0
1|5|197.24872926972944|197.24873
1|5|0.908614580207571|0.90861
1|5|-3.0385292811814848E-9|-0.0
1|5|81.0|81.0
1|5|127.93327541347264|127.93328
1|5|0.4633992710283451|0.4634
1|5|-1.9442084433255112E-9|-0.0
1|5|54.0|54.0
1|5|135.11101445638803|135.11101
1|5|0.12625782329876534|0.12626
1|5|-2.6731075240794546E-11|-0.0
1|5|3.0|3.0
1|5|-463.5154833097503|-463.51548
1|5|0.48384385495430515|0.48384
1|5|1.5505338110982103E-9|0.0
1|5|40.0|40.0
1|5|440.1724656853811|440.17247
1|5|0.3846108439172914|0.38461
1|5|1.4623197879764282E-9|0.0
1|5|77.0|77.0
1|5|394.0427958184089|394.0428
1|5|0.5988370371450177|0.59884
1|5|4.760344716184084E-9|0.0
1|5|8.0|8.0
1|5|275.1206959271756|275.1207
1|5|0.2788223024987677|0.27882
1|5|3.992053297295577E-9|0.0
1|5|37.0|37.0
1|5|-68.6904448645389|-68.69044
1|5|0.33232427838474854|0.33232
1|5|-1.8485252863268221E-9|-0.0
1|5|44.0|44.0
1|5|-403.549084119176|-403.54908
1|5|0.7451533062153856|0.74515
1|5|-3.291402621171025E-9|-0.0
1|5|81.0|81.0
1|5|-360.21040471313916|-360.2104
1|5|0.09294681694145557|0.09295
1|5|-4.7297013311786665E-9|-0.0
1|5|55.0|55.0
1|5|-217.8017138693519|-217.80171
1|5|0.9674953220085111|0.9675
1|5|4.0450107900156175E-9|0.0
1|5|34.0|34.0
1|5|-485.9441815472668|-485.94418
1|5|0.8095941248100625|0.80959
1|5|2.14943036897558E-10|0.0
1|5|84.0|84.0
1|5|83.46164859111889|83.46165
1|5|0.6882460693475149|0.68825
1|5|5.638220131905191E-10|0.0
1|5|12.0|12.0
1|5|88.5086368942899|88.50864
1|5|0.8951422853569353|0.89514
1|5|1.2647516520397206E-9|0.0
1|5|38.0|38.0
1|5|403.6250947502425|403.62509
1|5|0.8336996010963523|0.8337
1|5|-2.398063688338662E-9|-0.0
1|5|96.0|96.0
1|5|-102.46384398439687|-102.46384
1|5|0.5735347186765608|0.57353
1|5|-2.4183499896083393E-9|-0.0
1|5|82.0|82.0
1|5|159.18347431918642|159.18347
1|5|0.6141067547923854|0.61411
1|5|-1.1802625543074652E-10|-0.0
1|5|36.0|36.0
1|5|237.9816322918872|237.98163
1|5|0.8553614909816327|0.85536
1|5|-1.6025289140574205E-9|-0.0
1|5|76.0|76.0
1|5|226.07820494090754|226.0782
1|5|0.5085622348730312|0.50856
1|5|2.7540991859246467E-9|0.0
1|5|38.0|38.0
1|5|362.8241587977617|362.82416
1|5|0.69709331396258|0.69709
1|5|-3.398692457118191E-9|-0.0
1|5|80.0|80.0
1|5|225.4495536207421|225.44955
1|5|0.794874724221567|0.79487
1|5|3.232409155751369E-9|0.0
1|5|85.0|85.0
1|5|484.97920534651905|484.97921
1|5|0.12912668650457682|0.12913
1|5|1.1409482419892247E-9|0.0
1|5|54.0|54.0
1|5|-347.28825691886124|-347.28826
1|5|0.5345760098961941|0.53458
1|5|4.899373282939712E-10|0.0
1|5|33.0|33.0
1|5|220.12467540122555|220.12468
1|5|0.38779615803820233|0.3878
1|5|-4.8475337854456124E-9|-0.0
1|5|10.0|10.0
1|5|-396.143102758699|-396.1431
1|5|0.1732256480735601|0.17323
1|5|3.976338235309476E-9|0.0
1|5|42.0|42.0
1|5|347.4594867482883|347.45949
1|5|0.336510352176303|0.33651
1|5|-7.679831790914638E-10|-0.0
1|5|5.0|5.0
1|5|102.89446959656584|102.89447
1|5|0.16616716052142333|0.16617
1|5|-1.7768278662003811E-10|-0.0
1|5|57.0|57.0
1|5|17.300271039095946|17.30027
1|5|0.7111676032533552|0.71117
1|5|1.7639122984870549E-9|0.0
1|5|85.0|85.0
1|5|284.33193773028484|284.33194
1|5|0.28989223547759446|0.28989
1|5|-1.3051361964124607E-9|-0.0
1|5|51.0|51.0
1|5|-215.57724039389637|-215.57724
1|5|0.9750075836495604|0.97501
1|5|7.190317890355347E-10|0.0
1|5|12.0|12.0
1|5|-65.39649540941929|-65.3965
1|5|0.5491691115143541|0.54917
1|5|7.673541937964212E-10|0.0
1|5|73.0|73.0
1|5|96.0541733652932|96.05417
1|5|0.8180555270246112|0.81806
1|5|3.8376305911854955E-9|0.0
1|5|37.0|37.0
1|5|146.35255251184572|146.35255
1|5|0.840091222384709|0.84009
1|5|-4.031416139308648E-9|-0.0
1|5|91.0|91.0
1|5|113.4225062085444|113.42251
1|5|0.5863145983289133|0.58631
1|5|-3.389386833063297E-9|-0.0
1|5|100.0|100.0
1|5|89.47450865696817|89.47451
1|5|0.7792026912116196|0.7792
1|5|1.7479473521840872E-10|0.0
1|5|7.0|7.0
1|5|-4.230600322544433|-4.2306
1|5|0.175863201981718|0.17586
1|5|-2.6672386698149976E-11|-0.0
1|5|69.0|69.0
1|5|152.82617333395342|152.82617
1|5|0.35885662535669116|0.35886
1|5|5.0875603692069E-10|0.0
1|5|77.0|77.0
1|5|25.732565377377682|25.73257
1|5|0.17701350179026742|0.17701
1|5|2.1259506725047384E-9|0.0
1|5|55.0|55.0
1|5|-39.4921952155176|-39.4922
1|5|0.33896250975681763|0.33896
1|5|-4.590035930609633E-9|-0.0
1|5|80.0|80.0
1|5|205.00407294358843|205.00407
1|5|0.3036869679733477|0.30369
1|5|1.3945183842844855E-9|0.0
1|5|57.0|57.0
1|5|16.624213063746765|16.62421
1|5|0.5352792237599756|0.53528
1|5|-2.3599757798510556E-9|-0.0
1|5|16.0|16.0
1|5|199.17073568985347|199.17074
1|5|0.39316353033715945|0.39316
1|5|-4.5332817377406246E-10|-0.0
1|5|27.0|27.0
1|5|-17.568910446122402|-17.56891
1|5|0.4144095098620818|0.41441
1|5|8.872732301140285E-10|0.0
1|5|16.0|16.0
1|5|-239.35699139115252|-239.35699
1|5|0.5113606074523155|0.51136
1|5|-2.523824644651195E-9|-0.0
1|5|63.0|63.0
1|5|-160.2271827202705|-160.22718
1|5|0.655652397024369|0.65565
1|5|3.134709073783778E-9|0.0
1|5|99.0|99.0
1|5|8.578384985524565|8.57838
1|5|0.9487981214932968|0.9488
1|5|-2.329728046001707E-9|-0.0
1|5|64.0|64.0
1|5|444.71811522920416|444.71812
1|5|0.5898699061620923|0.58987
1|5|2.4552895700353873E-9|0.0
1|5|13.0|13.0
1|5|194.70566904000566|194.70567
1|5|0.1424057611385977|0.14241
1|5|3.739392772516659E-10|0.0
1|5|7.0|7.0
1|5|225.29965008816703|225.29965
1|5|0.6755240114928003|0.67552
1|5|3.3986590925475225E-9|0.0
1|5|48.0|48.0
1|5|-166.04347935699337|-166.04348
1|5|0.8083287288527613|0.80833
1|5|2.8651061620061025E-9|0.0
1|5|29.0|29.0
1|5|27.263841932272044|27.26384
1|5|0.42204034179717453|0.42204
1|5|4.6333712797714165E-9|0.0
1|5|94.0|94.0
1|5|328.8101950349584|328.8102
1|5|0.8208885106200168|0.82089
1|5|3.754894014526169E-9|0.0
1|5|34.0|34.0
1|5|361.73721335258415|361.73721
1|5|0.4206547517428645|0.42065
1|5|1.00866554883861E-9|0.0
1|5|93.0|93.0
1|5|466.25803005403407|466.25803
1|5|0.6228544201629813|0.62285
1|5|-3.2730544066689205E-9|-0.0
1|5|43.0|43.0
1|5|-441.28439458513714|-441.28439
1|5|0.3928991653679357|0.3929
1|5|-4.3001375923963784E-9|-0.0
1|5|10.0|10.0
1|5|416.29377516758984|416.29378
1|5|0.20218249296904356|0.20218
1|5|6.299024004503961E-10|0.0
1|5|56.0|56.0
1|5|-419.7178296548585|-419.71783
1|5|0.41688259090635793|0.41688
1|5|6.01439765052083E-10|0.0
1|5|10.0|10.0
1|5|110.83609874539479|110.8361
1|5|0.9203780707537543|0.92038
1|5|-4.662905386461305E-9|-0.0
1|5|18.0|18.0
1|5|497.4608145187527|497.46081
1|5|0.7415241337352465|0.74152
1|5|-4.368148714535116E-9|-0.0
1|5|32.0|32.0
1|5|131.98930081393473|131.9893
1|5|0.7276379438786885|0.72764
1|5|-4.712494855593162E-9|-0.0
1|5|81.0|81.0
1|5|-115.38894620049956|-115.38895
1|5|0.8488935564489962|0.84889
1|5|1.1415204130695411E-10|0.0
1|5|81.0|81.0
1|5|488.5489924132561|488.54899
1|5|0.5499286531234229|0.54993
1|5|-4.877929212115091E-9|-0.0
1|5|16.0|16.0
1|5|-364.72936556883803|-364.72937
1|5|0.6748163096975666|0.67482
1|5|1.8964910946208704E-9|0.0
1|5|92.0|92.0
1|5|-90.3417899979101|-90.34179
1|5|0.8831571536052205|0.88316
1|5|4.32938256811512E-9|0.0
1|5|14.0|14.0
1|5|-46.64782789933673|-46.64783
1|5|0.14789870945392947|0.1479
1|5|2.3765348462836133E-9|0.0
1|5|27.0|27.0
1|5|-465.47892378998614|-465.47892
1|5|0.8795897940455562|0.87959
1|5|3.1484787366068524E-10|0.0
1|5|89.0|89.0
1|5|-476.39991958127325|-476.39992
1|5|0.4571300874903905|0.45713
1|5|-1.906116013343654E-9|-0.0
1|5|16.0|16.0
1|5|127.07955733877509|127.07956
1|5|0.46167626866248745|0.46168
1|5|1.807378202162523E-9|0.0
1|5|57.0|57.0
1|5|115.2138700739788|115.21387
1|5|0.7082174342666011|0.70822
1|5|2.0545458753287303E-9|0.0
1|5|52.0|52.0
1|5|194.55997442611567|194.55997
1|5|0.2484345321409117|0.24843
1|5|-2.982338842877935E-9|-0.0
1|5|59.0|59.0
1|5|122.54432087431496|122.54432
1|5|0.8788096664827789|0.87881
1|5|4.515255560167231E-10|0.0
1|5|98.0|98.0
1|5|-361.20460803106687|-361.20461
1|5|0.3295530741893903|0.32955
1|5|3.462085360419409E-9|0.0
1|5|66.0|66.0
1|5|-203.23123560629517|-203.23124
1|5|0.23276689693992036|0.23277
1|5|2.945596265739877E-9|0.0
1|5|65.0|65.0
1|5|-180.7698835639817|-180.76988
1|5|0.1723665217838387|0.17237
1|5|-1.1336256845580883E-9|-0.0
1|5|65.0|65.0
1|5|172.45125673191308|172.45126
1|5|0.6036316526960096|0.60363
1|5|-2.829685642029387E-9|-0.0
1|5|75.0|75.0
1|5|156.51248082127108|156.51248
1|5|0.19686130088289333|0.19686
1|5|-4.937003829201109E-9|-0.0
1|5|19.0|19.0
1|5|-57.105368386038435|-57.10537
1|5|0.20745782894193976|0.20746
1|5|6.253395733873191E-10|0.0
1|5|14.0|14.0
1|5|-344.4175620597196|-344.41756
1|5|0.8038671841542194|0.80387
1|5|-7.03589439601836E-10|-0.0
1|5|56.0|56.0
1|5|-211.8098239160936|-211.80982
1|5|0.8951539148042178|0.89515
1|5|-4.377877476814321E-9|-0.0
1|5|40.0|40.0
1|5|-22.84006244451308|-22.84006
1|5|0.8915910467146385|0.89159
1|5|-1.4978686313342316E-10|-0.0
1|5|33.0|33.0
1|5|-90.12878878540465|-90.12879
1|5|0.004496524367329502|0.0045
1|5|-4.553975881623811E-9|-0.0
1|5|95.0|95.0
1|5|-63.45960603401522|-63.45961
1|5|0.14564939403082033|0.14565
1|5|-4.589755288962685E-9|-0.0
1|5|59.0|59.0
1|5|-223.9229572057002|-223.92296
1|5|0.22197071696876958|0.22197
1|5|2.3989279904584273E-9|0.0
1|5|51.0|51.0
1|5|-441.3964157743733|-441.39642
1|5|0.6377553953875494|0.63776
1|5|7.772241073649489E-11|0.0
1|5|98.0|98.0
1|5|331.1333930485324|331.13339
1|5|0.1145930730043907|0.11459
1|5|8.864074331503314E-10|0.0
1|5|74.0|74.0
6|6|227.5636800328681|227.563680
6|6|0.6832234717598454|0.683223
6|6|-1.9128054466734025E-9|-0.000000
6|6|28.0|28.000000
6|6|165.54895179457367|165.548952
6|6|0.9033722646721782|0.903372
6|6|-1.3121708658869436E-9|-0.000000
6|6|28.0|28.000000
6|6|-36.346424190846676|-36.346424
6|6|0.7829017787900358|0.782902
6|6|4.193277828687169E-9|0.000000
6|6|44.0|44.000000
6|6|249.90618125544745|249.906181
6|6|0.38656687435934867|0.386567
6|6|-3.2262152209062167E-9|-0.000000
6|6|59.0|59.000000
6|6|-290.2324311336679|-290.232431
6|6|0.825965871887821|0.825966
6|6|-3.2778206231214757E-9|-0.000000
6|6|59.0|59.000000
6|6|251.28040676746014|251.280407
6|6|0.5710403484148672|0.571040
6|6|8.00248845020607E-10|0.000000
6|6|75.0|75.000000
6|6|-468.5817611734192|-468.581761
6|6|0.35791991947712865|0.357920
6|6|3.1779693083563933E-9|0.000000
6|6|42.0|42.000000
6|6|474.03568149588136|474.035681
6|6|0.7134062578232291|0.713406
6|6|-1.942548344356565E-10|-0.000000
6|6|29.0|29.000000
6|6|449.86013465946667|449.860135
6|6|0.8204918233863466|0.820492
6|6|1.36644547856282E-9|0.000000
6|6|37.0|37.000000
6|6|-139.74512463386492|-139.745125
6|6|0.4346610851406103|0.434661
6|6|-4.268290555523058E-10|-0.000000
6|6|47.0|47.000000
6|6|-30.977479384431433|-30.977479
6|6|0.8273224240149951|0.827322
6|6|-3.4896844547124174E-9|-0.000000
6|6|83.0|83.000000
6|6|-39.69362733883884|-39.693627
6|6|0.2805719916728102|0.280572
6|6|-3.04035792576844E-9|-0.000000
6|6|18.0|18.000000
6|6|365.6867963273522|365.686796
6|6|0.48659066182619404|0.486591
6|6|-7.902829336897133E-10|-0.000000
6|6|63.0|63.000000
6|6|199.85864506717212|199.858645
6|6|0.31532845005767296|0.315328
6|6|7.162030552997667E-10|0.000000
6|6|37.0|37.000000
6|6|371.81459596483865|371.814596
6|6|0.805730942661998|0.805731
6|6|1.162136850351787E-9|0.000000
6|6|37.0|37.000000
6|6|197.24872926972944|197.248729
6|6|0.908614580207571|0.908615
6|6|-3.0385292811814848E-9|-0.000000
6|6|81.0|81.000000
6|6|127.93327541347264|127.933275
6|6|0.4633992710283451|0.463399
6|6|-1.9442084433255112E-9|-0.000000
6|6|54.0|54.000000
6|6|135.11101445638803|135.111014
6|6|0.12625782329876534|0.126258
6|6|-2.6731075240794546E-11|-0.000000
6|6|3.0|3.000000
6|6|-463.5154833097503|-463.515483
6|6|0.48384385495430515|0.483844
6|6|1.5505338110982103E-9|0.000000
6|6|40.0|40.000000
6|6|440.1724656853811|440.172466
6|6|0.3846108439172914|0.384611
6|6|1.4623197879764282E-9|0.000000
6|6|77.0|77.000000
6|6|394.0427958184089|394.042796
6|6|0.5988370371450177|0.598837
6|6|4.760344716184084E-9|0.000000
6|6|8.0|8.000000
6|6|275.1206959271756|275.120696
6|6|0.2788223024987677|0.278822
6|6|3.992053297295577E-9|0.000000
6|6|37.0|37.000000
6|6|-68.6904448645389|-68.690445
6|6|0.33232427838474854|0.332324
6|6|-1.8485252863268221E-9|-0.000000
6|6|44.0|44.000000
6|6|-403.549084119176|-403.549084
6|6|0.7451533062153856|0.745153
6|6|-3.291402621171025E-9|-0.000000
6|6|81.0|81.000000
6|6|-360.21040471313916|-360.210405
6|6|0.09294681694145557|0.092947
6|6|-4.7297013311786665E-9|-0.000000
6|6|55.0|55.000000
6|6|-217.8017138693519|-217.801714
6|6|0.9674953220085111|0.967495
6|6|4.0450107900156175E-9|0.000000
6|6|34.0|34.000000
6|6|-485.9441815472668|-485.944182
6|6|0.8095941248100625|0.809594
6|6|2.14943036897558E-10|0.000000
6|6|84.0|84.000000
6|6|83.46164859111889|83.461649
6|6|0.6882460693475149|0.688246
6|6|5.638220131905191E-10|0.000000
6|6|12.0|12.000000
6|6|88.5086368942899|88.508637
6|6|0.8951422853569353|0.895142
6|6|1.2647516520397206E-9|0.000000
6|6|38.0|38.000000
6|6|403.6250947502425|403.625095
6|6|0.8336996010963523|0.833700
6|6|-2.398063688338662E-9|-0.000000
6|6|96.0|96.000000
6|6|-102.46384398439687|-102.463844
6|6|0.5735347186765608|0.573535
6|6|-2.4183499896083393E-9|-0.000000
6|6|82.0|82.000000
6|6|159.18347431918642|159.183474
6|6|0.6141067547923854|0.614107
6|6|-1.1802625543074652E-10|-0.000000
6|6|36.0|36.000000
6|6|237.9816322918872|237.981632
6|6|0.8553614909816327|0.855361
6|6|-1.6025289140574205E-9|-0.000000
6|6|76.0|76.000000
6|6|226.07820494090754|226.078205
6|6|0.5085622348730312|0.508562
6|6|2.7540991859246467E-9|0.000000
6|6|38.0|38.000000
6|6|362.8241587977617|362.824159
6|6|0.69709331396258|0.697093
6|6|-3.398692457118191E-9|-0.000000
6|6|80.0|80.000000
6|6|225.4495536207421|225.449554
6|6|0.794874724221567|0.794875
6|6|3.232409155751369E-9|0.000000
6|6|85.0|85.000000
6|6|484.97920534651905|484.979205
6|6|0.12912668650457682|0.129127
6|6|1.1409482419892247E-9|0.000000
6|6|54.0|54.000000
6|6|-347.28825691886124|-347.288257
6|6|0.5345760098961941|0.534576
6|6|4.899373282939712E-10|0.000000
6|6|33.0|33.000000
6|6|220.12467540122555|220.124675
6|6|0.38779615803820233|0.387796
6|6|-4.8475337854456124E-9|-0.000000
6|6|10.0|10.000000
6|6|-396.143102758699|-396.143103
6|6|0.1732256480735601|0.173226
6|6|3.976338235309476E-9|0.000000
6|6|42.0|42.000000
6|6|347.4594867482883|347.459487
6|6|0.336510352176303|0.336510
6|6|-7.679831790914638E-10|-0.000000
6|6|5.0|5.000000
6|6|102.89446959656584|102.894470
6|6|0.16616716052142333|0.166167
6|6|-1.7768278662003811E-10|-0.000000
6|6|57.0|57.000000
6|6|17.300271039095946|17.300271
6|6|0.7111676032533552|0.711168
6|6|1.7639122984870549E-9|0.000000
6|6|85.0|85.000000
6|6|284.33193773028484|284.331938
6|6|0.28989223547759446|0.289892
6|6|-1.3051361964124607E-9|-0.000000
6|6|51.0|51.000000
6|6|-215.57724039389637|-215.577240
6|6|0.9750075836495604|0.975008
6|6|7.190317890355347E-10|0.000000
6|6|12.0|12.000000
6|6|-65.39649540941929|-65.396495
6|6|0.5491691115143541|0.549169
6|6|7.673541937964212E-10|0.000000
6|6|73.0|73.000000
6|6|96.0541733652932|96.054173
6|6|0.8180555270246112|0.818056
6|6|3.8376305911854955E-9|0.000000
6|6|37.0|37.000000
6|6|146.35255251184572|146.352553
6|6|0.840091222384709|0.840091
6|6|-4.031416139308648E-9|-0.000000
6|6|91.0|91.000000
6|6|113.4225062085444|113.422506
6|6|0.5863145983289133|0.586315
6|6|-3.389386833063297E-9|-0.000000
6|6|100.0|100.000000
6|6|89.47450865696817|89.474509
6|6|0.7792026912116196|0.779203
6|6|1.7479473521840872E-10|0.000000
6|6|7.0|7.000000
6|6|-4.230600322544433|-4.230600
6|6|0.175863201981718|0.175863
6|6|-2.6672386698149976E-11|-0.000000
6|6|69.0|69.000000
6|6|152.82617333395342|152.826173
6|6|0.35885662535669116|0.358857
6|6|5.0875603692069E-10|0.000000
6|6|77.0|77.000000
6|6|25.732565377377682|25.732565
6|6|0.17701350179026742|0.177014
6|6|2.1259506725047384E-9|0.000000
6|6|55.0|55.000000
6|6|-39.4921952155176|-39.492195
6|6|0.33896250975681763|0.338963
6|6|-4.590035930609633E-9|-0.000000
6|6|80.0|80.000000
6|6|205.00407294358843|205.004073
6|6|0.3036869679733477|0.303687
6|6|1.3945183842844855E-9|0.000000
6|6|57.0|57.000000
6|6|16.624213063746765|16.624213
6|6|0.5352792237599756|0.535279
6|6|-2.3599757798510556E-9|-0.000000
6|6|16.0|16.000000
6|6|199.17073568985347|199.170736
6|6|0.39316353033715945|0.393164
6|6|-4.5332817377406246E-10|-0.000000
6|6|27.0|27.000000
6|6|-17.568910446122402|-17.568910
6|6|0.4144095098620818|0.414410
6|6|8.872732301140285E-10|0.000000
6|6|16.0|16.000000
6|6|-239.35699139115252|-239.356991
6|6|0.5113606074523155|0.511361
6|6|-2.523824644651195E-9|-0.000000
6|6|63.0|63.000000
6|6|-160.2271827202705|-160.227183
6|6|0.655652397024369|0.655652
6|6|3.134709073783778E-9|0.000000
6|6|99.0|99.000000
6|6|8.578384985524565|8.578385
6|6|0.9487981214932968|0.948798
6|6|-2.329728046001707E-9|-0.000000
6|6|64.0|64.000000
6|6|444.71811522920416|444.718115
6|6|0.5898699061620923|0.589870
6|6|2.4552895700353873E-9|0.000000
6|6|13.0|13.000000
6|6|194.70566904000566|194.705669
6|6|0.1424057611385977|0.142406
6|6|3.739392772516659E-10|0.000000
6|6|7.0|7.000000
6|6|225.29965008816703|225.299650
6|6|0.6755240114928003|0.675524
6|6|3.3986590925475225E-9|0.000000
6|6|48.0|48.000000
6|6|-166.04347935699337|-166.043479
6|6|0.8083287288527613|0.808329
6|6|2.8651061620061025E-9|0.000000
6|6|29.0|29.000000
6|6|27.263841932272044|27.263842
6|6|0.42204034179717453|0.422040
6|6|4.6333712797714165E-9|0.000000
6|6|94.0|94.000000
6|6|328.8101950349584|328.810195
6|6|0.8208885106200168|0.820889
6|6|3.754894014526169E-9|0.000000
6|6|34.0|34.000000
6|6|361.73721335258415|361.737213
6|6|0.4206547517428645|0.420655
6|6|1.00866554883861E-9|0.000000
6|6|93.0|93.000000
6|6|466.25803005403407|466.258030
6|6|0.6228544201629813|0.622854
6|6|-3.2730544066689205E-9|-0.000000
6|6|43.0|43.000000
6|6|-441.28439458513714|-441.284395
6|6|0.3928991653679357|0.392899
6|6|-4.3001375923963784E-9|-0.000000
6|6|10.0|10.000000
6|6|416.29377516758984|416.293775
6|6|0.20218249296904356|0.202182
6|6|6.299024004503961E-10|0.000000
6|6|56.0|56.000000
6|6|-419.7178296548585|-419.717830
6|6|0.41688259090635793|0.416883
6|6|6.01439765052083E-10|0.000000
6|6|10.0|10.000000
6|6|110.83609874539479|110.836099
6|6|0.9203780707537543|0.920378
6|6|-4.662905386461305E-9|-0.000000
6|6|18.0|18.000000
6|6|497.4608145187527|497.460815
6|6|0.7415241337352465|0.741524
6|6|-4.368148714535116E-9|-0.000000
6|6|32.0|32.000000
6|6|131.98930081393473|131.989301
6|6|0.7276379438786885|0.727638
6|6|-4.712494855593162E-9|-0.000000
6|6|81.0|81.000000
6|6|-115.38894620049956|-115.388946
6|6|0.8488935564489962|0.848894
6|6|1.1415204130695411E-10|0.000000
6|6|81.0|81.000000
6|6|488.5489924132561|488.548992
6|6|0.5499286531234229|0.549929
6|6|-4.877929212115091E-9|-0.000000
6|6|16.0|16.000000
6|6|-364.72936556883803|-364.729366
6|6|0.6748163096975666|0.674816
6|6|1.8964910946208704E-9|0.000000
6|6|92.0|92.000000
6|6|-90.3417899979101|-90.341790
6|6|0.8831571536052205|0.883157
6|6|4.32938256811512E-9|0.000000
6|6|14.0|14.000000
6|6|-46.64782789933673|-46.647828
6|6|0.14789870945392947|0.147899
6|6|2.3765348462836133E-9|0.000000
6|6|27.0|27.000000
6|6|-465.47892378998614|-465.478924
6|6|0.8795897940455562|0.879590
6|6|3.1484787366068524E-10|0.000000
6|6|89.0|89.000000
6|6|-476.39991958127325|-476.399920
6|6|0.4571300874903905|0.457130
6|6|-1.906116013343654E-9|-0.000000
6|6|16.0|16.000000
6|6|127.07955733877509|127.079557
6|6|0.46167626866248745|0.461676
6|6|1.807378202162523E-9|0.000000
6|6|57.0|57.000000
6|6|115.2138700739788|115.213870
6|6|0.7082174342666011|0.708217
6|6|2.0545458753287303E-9|0.000000
6|6|52.0|52.000000
6|6|194.55997442611567|194.559974
6|6|0.2484345321409117|0.248435
6|6|-2.982338842877935E-9|-0.000000
6|6|59.0|59.000000
6|6|122.54432087431496|122.544321
6|6|0.8788096664827789|0.878810
6|6|4.515255560167231E-10|0.000000
6|6|98.0|98.000000
6|6|-361.20460803106687|-361.204608
6|6|0.3295530741893903|0.329553
6|6|3.462085360419409E-9|0.000000
6|6|66.0|66.000000
6|6|-203.23123560629517|-203.231236
6|6|0.23276689693992036|0.232767
6|6|2.945596265739877E-9|0.000000
6|6|65.0|65.000000
6|6|-180.7698835639817|-180.769884
6|6|0.1723665217838387|0.172367
6|6|-1.1336256845580883E-9|-0.000000
6|6|65.0|65.000000
6|6|172.45125673191308|172.451257
6|6|0.6036316526960096|0.603632
6|6|-2.829685642029387E-9|-0.000000
6|6|75.0|75.000000
6|6|156.51248082127108|156.512481
6|6|0.19686130088289333|0.196861
6|6|-4.937003829201109E-9|-0.000000
6|6|19.0|19.000000
6|6|-57.105368386038435|-57.105368
6|6|0.20745782894193976|0.207458
6|6|6.253395733873191E-10|0.000000
6|6|14.0|14.000000
6|6|-344.4175620597196|-344.417562
6|6|0.8038671841542194|0.803867
6|6|-7.03589439601836E-10|-0.000000
6|6|56.0|56.000000
6|6|-211.8098239160936|-211.809824
6|6|0.8951539148042178|0.895154
6|6|-4.377877476814321E-9|-0.000000
6|6|40.0|40.000000
6|6|-22.84006244451308|-22.840062
6|6|0.8915910467146385|0.891591
6|6|-1.4978686313342316E-10|-0.000000
6|6|33.0|33.000000
6|6|-90.12878878540465|-90.128789
6|6|0.004496524367329502|0.004497
6|6|-4.553975881623811E-9|-0.000000
6|6|95.0|95.000000
6|6|-63.45960603401522|-63.459606
6|6|0.14564939403082033|0.145649
6|6|-4.589755288962685E-9|-0.000000
6|6|59.0|59.000000
6|6|-223.9229572057002|-223.922957
6|6|0.22197071696876958|0.221971
6|6|2.3989279904584273E-9|0.000000
6|6|51.0|51.000000
6|6|-441.3964157743733|-441.396416
6|6|0.6377553953875494|0.637755
6|6|7.772241073649489E-11|0.000000
6|6|98.0|98.000000
6|6|331.1333930485324|331.133393
6|6|0.1145930730043907|0.114593
6|6|8.864074331503314E-10|0.000000
6|6|74.0|74.000000
0|2|227.5636800328681|227.56
0|2|0.6832234717598454|0.68
0|2|-1.9128054466734025E-9|-0
0|2|28.0|28
0|2|165.54895179457367|165.55
0|2|0.9033722646721782|0.9
0|2|-1.3121708658869436E-9|-0
0|2|28.0|28
0|2|-36.346424190846676|-36.35
0|2|0.7829017787900358|0.78
0|2|4.193277828687169E-9|0
0|2|44.0|44
0|2|249.90618125544745|249.91
0|2|0.38656687435934867|0.39
0|2|-3.2262152209062167E-9|-0
0|2|59.0|59
0|2|-290.2324311336679|-290.23
0|2|0.825965871887821|0.83
0|2|-3.2778206231214757E-9|-0
0|2|59.0|59
0|2|251.28040676746014|251.28
0|2|0.5710403484148672|0.57
0|2|8.00248845020607E-10|0
0|2|75.0|75
0|2|-468.5817611734192|-468.58
0|2|0.35791991947712865|0.36
0|2|3.1779693083563933E-9|0
0|2|42.0|42
0|2|474.03568149588136|474.04
0|2|0.7134062578232291|0.71
0|2|-1.942548344356565E-10|-0
0|2|29.0|29
0|2|449.86013465946667|449.86
0|2|0.8204918233863466|0.82
0|2|1.36644547856282E-9|0
0|2|37.0|37
0|2|-139.74512463386492|-139.75
0|2|0.4346610851406103|0.43
0|2|-4.268290555523058E-10|-0
0|2|47.0|47
0|2|-30.977479384431433|-30.98
0|2|0.8273224240149951|0.83
0|2|-3.4896844547124174E-9|-0
0|2|83.0|83
0|2|-39.69362733883884|-39.69
0|2|0.2805719916728102|0.28
0|2|-3.04035792576844E-9|-0
0|2|18.0|18
0|2|365.6867963273522|365.69
0|2|0.48659066182619404|0.49
0|2|-7.902829336897133E-10|-0
0|2|63.0|63
0|2|199.85864506717212|199.86
0|2|0.31532845005767296|0.32
0|2|7.162030552997667E-10|0
0|2|37.0|37
0|2|371.81459596483865|371.81
0|2|0.805730942661998|0.81
0|2|1.162136850351787E-9|0
0|2|37.0|37
0|2|197.24872926972944|197.25
0|2|0.908614580207571|0.91
0|2|-3.0385292811814848E-9|-0
0|2|81.0|81
0|2|127.93327541347264|127.93
0|2|0.4633992710283451|0.46
0|2|-1.9442084433255112E-9|-0
0|2|54.0|54
0|2|135.11101445638803|135.11
0|2|0.12625782329876534|0.13
0|2|-2.6731075240794546E-11|-0
0|2|3.0|3
0|2|-463.5154833097503|-463.52
0|2|0.48384385495430515|0.48
0|2|1.5505338110982103E-9|0
0|2|40.0|40
0|2|440.1724656853811|440.17
0|2|0.3846108439172914|0.38
0|2|1.4623197879764282E-9|0
0|2|77.0|77
0|2|394.0427958184089|394.04
0|2|0.5988370371450177|0.6
0|2|4.760344716184084E-9|0
0|2|8.0|8
0|2|275.1206959271756|275.12
0|2|0.2788223024987677|0.28
0|2|3.992053297295577E-9|0
0|2|37.0|37
0|2|-68.6904448645389|-68.69
0|2|0.33232427838474854|0.33
0|2|-1.8485252863268221E-9|-0
0|2|44.0|44
0|2|-403.549084119176|-403.55
0|2|0.7451533062153856|0.75
0|2|-3.291402621171025E-9|-0
0|2|81.0|81
0|2|-360.21040471313916|-360.21
0|2|0.09294681694145557|0.09
0|2|-4.7297013311786665E-9|-0
0|2|55.0|55
0|2|-217.8017138693519|-217.8
0|2|0.9674953220085111|0.97
0|2|4.0450107900156175E-9|0
0|2|34.0|34
0|2|-485.9441815472668|-485.94
0|2|0.8095941248100625|0.81
0|2|2.14943036897558E-10|0
0|2|84.0|84
0|2|83.46164859111889|83.46
0|2|0.6882460693475149|0.69
0|2|5.638220131905191E-10|0
0|2|12.0|12
0|2|88.5086368942899|88.51
0|2|0.8951422853569353|0.9
0|2|1.2647516520397206E-9|0
0|2|38.0|38
0|2|403.6250947502425|403.63
0|2|0.8336996010963523|0.83
0|2|-2.398063688338662E-9|-0
0|2|96.0|96
0|2|-102.46384398439687|-102.46
0|2|0.5735347186765608|0.57
0|2|-2.4183499896083393E-9|-0
0|2|82.0|82
0|2|159.18347431918642|159.18
0|2|0.6141067547923854|0.61
0|2|-1.1802625543074652E-10|-0
0|2|36.0|36
0|2|237.9816322918872|237.98
0|2|0.8553614909816327|0.86
0|2|-1.6025289140574205E-9|-0
0|2|76.0|76
0|2|226.07820494090754|226.08
0|2|0.5085622348730312|0.51
0|2|2.7540991859246467E-9|0
0|2|38.0|38
0|2|362.8241587977617|362.82
0|2|0.69709331396258|0.7
0|2|-3.398692457118191E-9|-0
0|2|80.0|80
0|2|225.4495536207421|225.45
0|2|0.794874724221567|0.79
0|2|3.232409155751369E-9|0
0|2|85.0|85
0|2|484.97920534651905|484.98
0|2|0.12912668650457682|0.13
0|2|1.1409482419892247E-9|0
0|2|54.0|54
0|2|-347.28825691886124|-347.29
0|2|0.5345760098961941|0.53
0|2|4.899373282939712E-10|0
0|2|33.0|33
0|2|220.12467540122555|220.12
0|2|0.38779615803820233|0.39
0|2|-4.8475337854456124E-9|-0
0|2|10.0|10
0|2|-396.143102758699|-396.14
0|2|0.1732256480735601|0.17
0|2|3.976338235309476E-9|0
0|2|42.0|42
0|2|347.4594867482883|347.46
0|2|0.336510352176303|0.34
0|2|-7.679831790914638E-10|-0
0|2|5.0|5
0|2|102.89446959656584|102.89
0|2|0.16616716052142333|0.17
0|2|-1.7768278662003811E-10|-0
0|2|57.0|57
0|2|17.300271039095946|17.3
0|2|0.7111676032533552|0.71
0|2|1.7639122984870549E-9|0
0|2|85.0|85
0|2|284.33193773028484|284.33
0|2|0.28989223547759446|0.29
0|2|-1.3051361964124607E-9|-0
0|2|51.0|51
0|2|-215.57724039389637|-215.58
0|2|0.9750075836495604|0.98
0|2|7.190317890355347E-10|0
0|2|12.0|12
0|2|-65.39649540941929|-65.4
0|2|0.5491691115143541|0.55
0|2|7.673541937964212E-10|0
0|2|73.0|73
0|2|96.0541733652932|96.05
0|2|0.8180555270246112|0.82
0|2|3.8376305911854955E-9|0
0|2|37.0|37
0|2|146.35255251184572|146.35
0|2|0.840091222384709|0.84
0|2|-4.031416139308648E-9|-0
0|2|91.0|91
0|2|113.4225062085444|113.42
0|2|0.5863145983289133|0.59
0|2|-3.389386833063297E-9|-0
0|2|100.0|100
0|2|89.47450865696817|89.47
0|2|0.7792026912116196|0.78
0|2|1.7479473521840872E-10|0
0|2|7.0|7
0|2|-4.230600322544433|-4.23
0|2|0.175863201981718|0.18
0|2|-2.6672386698149976E-11|-0
0|2|69.0|69
0|2|152.82617333395342|152.83
0|2|0.35885662535669116|0.36
0|2|5.0875603692069E-10|0
0|2|77.0|77
0|2|25.732565377377682|25.73
0|2|0.17701350179026742|0.18
0|2|2.1259506725047384E-9|0
0|2|55.0|55
0|2|-39.4921952155176|-39.49
0|2|0.33896250975681763|0.34
0|2|-4.590035930609633E-9|-0
0|2|80.0|80
0|2|205.00407294358843|205
0|2|0.3036869679733477|0.3
0|2|1.3945183842844855E-9|0
0|2|57.0|57
0|2|16.624213063746765|16.62
0|2|0.5352792237599756|0.54
0|2|-2.3599757798510556E-9|-0
0|2|16.0|16
0|2|199.17073568985347|199.17
0|2|0.39316353033715945|0.39
0|2|-4.5332817377406246E-10|-0
0|2|27.0|27
0|2|-17.568910446122402|-17.57
0|2|0.4144095098620818|0.41
0|2|8.872732301140285E-10|0
0|2|16.0|16
0|2|-239.35699139115252|-239.36
0|2|0.5113606074523155|0.51
0|2|-2.523824644651195E-9|-0
0|2|63.0|63
0|2|-160.2271827202705|-160.23
0|2|0.655652397024369|0.66
0|2|3.134709073783778E-9|0
0|2|99.0|99
0|2|8.578384985524565|8.58
0|2|0.9487981214932968|0.95
0|2|-2.329728046001707E-9|-0
0|2|64.0|64
0|2|444.71811522920416|444.72
0|2|0.5898699061620923|0.59
0|2|2.4552895700353873E-9|0
0|2|13.0|13
0|2|194.70566904000566|194.71
0|2|0.1424057611385977|0.14
0|2|3.739392772516659E-10|0
0|2|7.0|7
0|2|225.29965008816703|225.3
0|2|0.6755240114928003|0.68
0|2|3.3986590925475225E-9|0
0|2|48.0|48
0|2|-166.04347935699337|-166.04
0|2|0.8083287288527613|0.81
0|2|2.8651061620061025E-9|0
0|2|29.0|29
0|2|27.263841932272044|27.26
0|2|0.42204034179717453|0.42
0|2|4.6333712797714165E-9|0
0|2|94.0|94
0|2|328.8101950349584|328.81
0|2|0.8208885106200168|0.82
0|2|3.754894014526169E-9|0
0|2|34.0|34
0|2|361.73721335258415|361.74
0|2|0.4206547517428645|0.42
0|2|1.00866554883861E-9|0
0|2|93.0|93
0|2|466.25803005403407|466.26
0|2|0.6228544201629813|0.62
0|2|-3.2730544066689205E-9|-0
0|2|43.0|43
0|2|-441.28439458513714|-441.28
0|2|0.3928991653679357|0.39
0|2|-4.3001375923963784E-9|-0
0|2|10.0|10
0|2|416.29377516758984|416.29
0|2|0.20218249296904356|0.2
0|2|6.299024004503961E-10|0
0|2|56.0|56
0|2|-419.7178296548585|-419.72
0|2|0.41688259090635793|0.42
0|2|6.01439765052083E-10|0
0|2|10.0|10
0|2|110.83609874539479|110.84
0|2|0.9203780707537543|0.92
0|2|-4.662905386461305E-9|-0
0|2|18.0|18
0|2|497.4608145187527|497.46
0|2|0.7415241337352465|0.74
0|2|-4.368148714535116E-9|-0
0|2|32.0|32
0|2|131.98930081393473|131.99
0|2|0.7276379438786885|0.73
0|2|-4.712494855593162E-9|-0
0|2|81.0|81
0|2|-115.38894620049956|-115.39
0|2|0.8488935564489962|0.85
0|2|1.1415204130695411E-10|0
0|2|81.0|81
0|2|488.5489924132561|488.55
0|2|0.5499286531234229|0.55
0|2|-4.877929212115091E-9|-0
0|2|16.0|16
0|2|-364.72936556883803|-364.73
0|2|0.6748163096975666|0.67
0|2|1.8964910946208704E-9|0
0|2|92.0|92
0|2|-90.3417899979101|-90.34
0|2|0.8831571536052205|0.88
0|2|4.32938256811512E-9|0
0|2|14.0|14
0|2|-46.64782789933673|-46.65
0|2|0.14789870945392947|0.15
0|2|2.3765348462836133E-9|0
0|2|27.0|27
0|2|-465.47892378998614|-465.48
0|2|0.8795897940455562|0.88
0|2|3.1484787366068524E-10|0
0|2|89.0|89
0|2|-476.39991958127325|-476.4
0|2|0.4571300874903905|0.46
0|2|-1.906116013343654E-9|-0
0|2|16.0|16
0|2|127.07955733877509|127.08
0|2|0.46167626866248745|0.46
0|2|1.807378202162523E-9|0
0|2|57.0|57
0|2|115.2138700739788|115.21
0|2|0.7082174342666011|0.71
0|2|2.0545458753287303E-9|0
0|2|52.0|52
0|2|194.55997442611567|194.56
0|2|0.2484345321409117|0.25
0|2|-2.982338842877935E-9|-0
0|2|59.0|59
0|2|122.54432087431496|122.54
0|2|0.8788096664827789|0.88
0|2|4.515255560167231E-10|0
0|2|98.0|98
0|2|-361.20460803106687|-361.2
0|2|0.3295530741893903|0.33
0|2|3.462085360419409E-9|0
0|2|66.0|66
0|2|-203.23123560629517|-203.23
0|2|0.23276689693992036|0.23
0|2|2.945596265739877E-9|0
0|2|65.0|65
0|2|-180.7698835639817|-180.77
0|2|0.1723665217838387|0.17
0|2|-1.1336256845580883E-9|-0
0|2|65.0|65
0|2|172.45125673191308|172.45
0|2|0.6036316526960096|0.6
0|2|-2.829685642029387E-9|-0
0|2|75.0|75
0|2|156.51248082127108|156.51
0|2|0.19686130088289333|0.2
0|2|-4.937003829201109E-9|-0
0|2|19.0|19
0|2|-57.105368386038435|-57.11
0|2|0.20745782894193976|0.21
0|2|6.253395733873191E-10|0
0|2|14.0|14
0|2|-344.4175620597196|-344.42
0|2|0.8038671841542194|0.8
0|2|-7.03589439601836E-10|-0
0|2|56.0|56
0|2|-211.8098239160936|-211.81
0|2|0.8951539148042178|0.9
0|2|-4.377877476814321E-9|-0
0|2|40.0|40
0|2|-22.84006244451308|-22.84
0|2|0.8915910467146385|0.89
0|2|-1.4978686313342316E-10|-0
0|2|33.0|33
0|2|-90.12878878540465|-90.13
0|2|0.004496524367329502|0
0|2|-4.553975881623811E-9|-0
0|2|95.0|95
0|2|-63.45960603401522|-63.46
0|2|0.14564939403082033|0.15
0|2|-4.589755288962685E-9|-0
0|2|59.0|59
0|2|-223.9229572057002|-223.92
0|2|0.22197071696876958|0.22
0|2|2.3989279904584273E-9|0
0|2|51.0|51
0|2|-441.3964157743733|-441.4
0|2|0.6377553953875494|0.64
0|2|7.772241073649489E-11|0
0|2|98.0|98
0|2|331.1333930485324|331.13
0|2|0.1145930730043907|0.11
0|2|8.864074331503314E-10|0
0|2|74.0|74
0|6|227.5636800328681|227.56368
0|6|0.6832234717598454|0.683223
0|6|-1.9128054466734025E-9|-0
0|6|28.0|28
0|6|165.54895179457367|165.548952
0|6|0.9033722646721782|0.903372
0|6|-1.3121708658869436E-9|-0
0|6|28.0|28
0|6|-36.346424190846676|-36.346424
0|6|0.7829017787900358|0.782902
0|6|4.193277828687169E-9|0
0|6|44.0|44
0|6|249.90618125544745|249.906181
0|6|0.38656687435934867|0.386567
0|6|-3.2262152209062167E-9|-0
0|6|59.0|59
0|6|-290.2324311336679|-290.232431
0|6|0.825965871887821|0.825966
0|6|-3.2778206231214757E-9|-0
0|6|59.0|59
0|6|251.28040676746014|251.280407
0|6|0.5710403484148672|0.57104
0|6|8.00248845020607E-10|0
0|6|75.0|75
0|6|-468.5817611734192|-468.581761
0|6|0.35791991947712865|0.35792
0|6|3.1779693083563933E-9|0
0|6|42.0|42
0|6|474.03568149588136|474.035681
0|6|0.7134062578232291|0.713406
0|6|-1.942548344356565E-10|-0
0|6|29.0|29
0|6|449.86013465946667|449.860135
0|6|0.8204918233863466|0.820492
0|6|1.36644547856282E-9|0
0|6|37.0|37
0|6|-139.74512463386492|-139.745125
0|6|0.4346610851406103|0.434661
0|6|-4.268290555523058E-10|-0
0|6|47.0|47
0|6|-30.977479384431433|-30.977479
0|6|0.8273224240149951|0.827322
0|6|-3.4896844547124174E-9|-0
0|6|83.0|83
0|6|-39.69362733883884|-39.693627
0|6|0.2805719916728102|0.280572
0|6|-3.04035792576844E-9|-0
0|6|18.0|18
0|6|365.6867963273522|365.686796
0|6|0.48659066182619404|0.486591
0|6|-7.902829336897133E-10|-0
0|6|63.0|63
0|6|199.85864506717212|199.858645
0|6|0.31532845005767296|0.315328
0|6|7.162030552997667E-10|0
0|6|37.0|37
0|6|371.81459596483865|371.814596
0|6|0.805730942661998|0.805731
0|6|1.162136850351787E-9|0
0|6|37.0|37
0|6|197.24872926972944|197.248729
0|6|0.908614580207571|0.908615
0|6|-3.0385292811814848E-9|-0
0|6|81.0|81
0|6|127.93327541347264|127.933275
0|6|0.4633992710283451|0.463399
0|6|-1.9442084433255112E-9|-0
0|6|54.0|54
0|6|135.11101445638803|135.111014
0|6|0.12625782329876534|0.126258
0|6|-2.6731075240794546E-11|-0
0|6|3.0|3
0|6|-463.5154833097503|-463.515483
0|6|0.48384385495430515|0.483844
0|6|1.5505338110982103E-9|0
0|6|40.0|40
0|6|440.1724656853811|440.172466
0|6|0.3846108439172914|0.384611
0|6|1.4623197879764282E-9|0
0|6|77.0|77
0|6|394.0427958184089|394.042796
0|6|0.5988370371450177|0.598837
0|6|4.760344716184084E-9|0
0|6|8.0|8
0|6|275.1206959271756|275.120696
0|6|0.2788223024987677|0.278822
0|6|3.992053297295577E-9|0
0|6|37.0|37
0|6|-68.6904448645389|-68.690445
0|6|0.33232427838474854|0.332324
0|6|-1.8485252863268221E-9|-0
0|6|44.0|44
0|6|-403.549084119176|-403.549084
0|6|0.7451533062153856|0.745153
0|6|-3.291402621171025E-9|-0
0|6|81.0|81
0|6|-360.21040471313916|-360.210405
0|6|0.09294681694145557|0.092947
0|6|-4.7297013311786665E-9|-0
0|6|55.0|55
0|6|-217.8017138693519|-217.801714
0|6|0.9674953220085111|0.967495
0|6|4.0450107900156175E-9|0
0|6|34.0|34
0|6|-485.9441815472668|-485.944182
0|6|0.8095941248100625|0.809594
0|6|2.14943036897558E-10|0
0|6|84.0|84
0|6|83.46164859111889|83.461649
0|6|0.6882460693475149|0.688246
0|6|5.638220131905191E-10|0
0|6|12.0|12
0|6|88.5086368942899|88.508637
0|6|0.8951422853569353|0.895142
0|6|1.2647516520397206E-9|0
0|6|38.0|38
0|6|403.6250947502425|403.625095
0|6|0.8336996010963523|0.8337
0|6|-2.398063688338662E-9|-0
0|6|96.0|96
0|6|-102.46384398439687|-102.463844
0|6|0.5735347186765608|0.573535
0|6|-2.4183499896083393E-9|-0
0|6|82.0|82
0|6|159.18347431918642|159.183474
0|6|0.6141067547923854|0.614107
0|6|-1.1802625543074652E-10|-0
0|6|36.0|36
0|6|237.9816322918872|237.981632
0|6|0.8553614909816327|0.855361
0|6|-1.6025289140574205E-9|-0
0|6|76.0|76
0|6|226.07820494090754|226.078205
0|6|0.5085622348730312|0.508562
0|6|2.7540991859246467E-9|0
0|6|38.0|38
0|6|362.8241587977617|362.824159
0|6|0.69709331396258|0.697093
0|6|-3.398692457118191E-9|-0
0|6|80.0|80
0|6|225.4495536207421|225.449554
0|6|0.794874724221567|0.794875
0|6|3.232409155751369E-9|0
0|6|85.0|85
0|6|484.97920534651905|484.979205
0|6|0.12912668650457682|0.129127
0|6|1.1409482419892247E-9|0
0|6|54.0|54
0|6|-347.28825691886124|-347.288257
0|6|0.5345760098961941|0.534576
0|6|4.899373282939712E-10|0
0|6|33.0|33
0|6|220.12467540122555|220.124675
0|6|0.38779615803820233|0.387796
0|6|-4.8475337854456124E-9|-0
0|6|10.0|10
0|6|-396.143102758699|-396.143103
0|6|0.1732256480735601|0.173226
0|6|3.976338235309476E-9|0
0|6|42.0|42
0|6|347.4594867482883|347.459487
0|6|0.336510352176303|0.33651
0|6|-7.679831790914638E-10|-0
0|6|5.0|5
0|6|102.89446959656584|102.89447
0|6|0.16616716052142333|0.166167
0|6|-1.7768278662003811E-10|-0
0|6|57.0|57
0|6|17.300271039095946|17.300271
0|6|0.7111676032533552|0.711168
0|6|1.7639122984870549E-9|0
0|6|85.0|85
0|6|284.33193773028484|284.331938
0|6|0.28989223547759446|0.289892
0|6|-1.3051361964124607E-9|-0
0|6|51.0|51
0|6|-215.57724039389637|-215.57724
0|6|0.9750075836495604|0.975008
0|6|7.190317890355347E-10|0
0|6|12.0|12
0|6|-65.39649540941929|-65.396495
0|6|0.5491691115143541|0.549169
0|6|7.673541937964212E-10|0
0|6|73.0|73
0|6|96.0541733652932|96.054173
0|6|0.8180555270246112|0.818056
0|6|3.8376305911854955E-9|0
0|6|37.0|37
0|6|146.35255251184572|146.352553
0|6|0.840091222384709|0.840091
0|6|-4.031416139308648E-9|-0
0|6|91.0|91
0|6|113.4225062085444|113.422506
0|6|0.5863145983289133|0.586315
0|6|-3.389386833063297E-9|-0
0|6|100.0|100
0|6|89.47450865696817|89.474509
0|6|0.7792026912116196|0.779203
0|6|1.7479473521840872E-10|0
0|6|7.0|7
0|6|-4.230600322544433|-4.2306
0|6|0.175863201981718|0.175863
0|6|-2.6672386698149976E-11|-0
0|6|69.0|69
0|6|152.82617333395342|152.826173
0|6|0.35885662535669116|0.358857
0|6|5.0875603692069E-10|0
0|6|77.0|77
0|6|25.732565377377682|25.732565
0|6|0.17701350179026742|0.177014
0|6|2.1259506725047384E-9|0
0|6|55.0|55
0|6|-39.4921952155176|-39.492195
0|6|0.33896250975681763|0.338963
0|6|-4.590035930609633E-9|-0
0|6|80.0|80
0|6|205.00407294358843|205.004073
0|6|0.3036869679733477|0.303687
0|6|1.3945183842844855E-9|0
0|6|57.0|57
0|6|16.624213063746765|16.624213
0|6|0.5352792237599756|0.535279
0|6|-2.3599757798510556E-9|-0
0|6|16.0|16
0|6|199.17073568985347|199.170736
0|6|0.39316353033715945|0.393164
0|6|-4.5332817377406246E-10|-0
0|6|27.0|27
0|6|-17.568910446122402|-17.56891
0|6|0.4144095098620818|0.41441
0|6|8.872732301140285E-10|0
0|6|16.0|16
0|6|-239.35699139115252|-239.356991
0|6|0.5113606074523155|0.511361
0|6|-2.523824644651195E-9|-0
0|6|63.0|63
0|6|-160.2271827202705|-160.227183
0|6|0.655652397024369|0.655652
0|6|3.134709073783778E-9|0
0|6|99.0|99
0|6|8.578384985524565|8.578385
0|6|0.9487981214932968|0.948798
0|6|-2.329728046001707E-9|-0
0|6|64.0|64
0|6|444.71811522920416|444.718115
0|6|0.5898699061620923|0.58987
0|6|2.4552895700353873E-9|0
0|6|13.0|13
0|6|194.70566904000566|194.705669
0|6|0.1424057611385977|0.142406
0|6|3.739392772516659E-10|0
0|6|7.0|7
0|6|225.29965008816703|225.29965
0|6|0.6755240114928003|0.675524
0|6|3.3986590925475225E-9|0
0|6|48.0|48
0|6|-166.04347935699337|-166.043479
0|6|0.8083287288527613|0.808329
0|6|2.8651061620061025E-9|0
0|6|29.0|29
0|6|27.263841932272044|27.263842
0|6|0.42204034179717453|0.42204
0|6|4.6333712797714165E-9|0
0|6|94.0|94
0|6|328.8101950349584|328.810195
0|6|0.8208885106200168|0.820889
0|6|3.754894014526169E-9|0
0|6|34.0|34
0|6|361.73721335258415|361.737213
0|6|0.4206547517428645|0.420655
0|6|1.00866554883861E-9|0
0|6|93.0|93
0|6|466.25803005403407|466.25803
0|6|0.6228544201629813|0.622854
0|6|-3.2730544066689205E-9|-0
0|6|43.0|43
0|6|-441.28439458513714|-441.284395
0|6|0.3928991653679357|0.392899
0|6|-4.3001375923963784E-9|-0
0|6|10.0|10
0|6|416.29377516758984|416.293775
0|6|0.20218249296904356|0.202182
0|6|6.299024004503961E-10|0
0|6|56.0|56
0|6|-419.7178296548585|-419.71783
0|6|0.41688259090635793|0.416883
0|6|6.01439765052083E-10|0
0|6|10.0|10
0|6|110.83609874539479|110.836099
0|6|0.9203780707537543|0.920378
0|6|-4.662905386461305E-9|-0
0|6|18.0|18
0|6|497.4608145187527|497.460815
0|6|0.7415241337352465|0.741524
0|6|-4.368148714535116E-9|-0
0|6|32.0|32
0|6|131.98930081393473|131.989301
0|6|0.7276379438786885|0.727638
0|6|-4.712494855593162E-9|-0
0|6|81.0|81
0|6|-115.38894620049956|-115.388946
0|6|0.8488935564489962|0.848894
0|6|1.1415204130695411E-10|0
0|6|81.0|81
0|6|488.5489924132561|488.548992
0|6|0.5499286531234229|0.549929
0|6|-4.877929212115091E-9|-0
0|6|16.0|16
0|6|-364.72936556883803|-364.729366
0|6|0.6748163096975666|0.674816
0|6|1.8964910946208704E-9|0
0|6|92.0|92
0|6|-90.3417899979101|-90.34179
0|6|0.8831571536052205|0.883157
0|6|4.32938256811512E-9|0
0|6|14.0|14
0|6|-46.64782789933673|-46.647828
0|6|0.14789870945392947|0.147899
0|6|2.3765348462836133E-9|0
0|6|27.0|27
0|6|-465.47892378998614|-465.478924
0|6|0.8795897940455562|0.87959
0|6|3.1484787366068524E-10|0
0|6|89.0|89
0|6|-476.39991958127325|-476.39992
0|6|0.4571300874903905|0.45713
0|6|-1.906116013343654E-9|-0
0|6|16.0|16
0|6|127.07955733877509|127.079557
0|6|0.46167626866248745|0.461676
0|6|1.807378202162523E-9|0
0|6|57.0|57
0|6|115.2138700739788|115.21387
0|6|0.7082174342666011|0.708217
0|6|2.0545458753287303E-9|0
0|6|52.0|52
0|6|194.55997442611567|194.559974
0|6|0.2484345321409117|0.248435
0|6|-2.982338842877935E-9|-0
0|6|59.0|59
0|6|122.54432087431496|122.544321
0|6|0.8788096664827789|0.87881
0|6|4.515255560167231E-10|0
0|6|98.0|98
0|6|-361.20460803106687|-361.204608
0|6|0.3295530741893903|0.329553
0|6|3.462085360419409E-9|0
0|6|66.0|66
0|6|-203.23123560629517|-203.231236
0|6|0.23276689693992036|0.232767
0|6|2.945596265739877E-9|0
0|6|65.0|65
0|6|-180.7698835639817|-180.769884
0|6|0.1723665217838387|0.172367
0|6|-1.1336256845580883E-9|-0
0|6|65.0|65
0|6|172.45125673191308|172.451257
0|6|0.6036316526960096|0.603632
0|6|-2.829685642029387E-9|-0
0|6|75.0|75
0|6|156.51248082127108|156.512481
0|6|0.19686130088289333|0.196861
0|6|-4.937003829201109E-9|-0
0|6|19.0|19
0|6|-57.105368386038435|-57.105368
0|6|0.20745782894193976|0.207458
0|6|6.253395733873191E-10|0
0|6|14.0|14
0|6|-344.4175620597196|-344.417562
0|6|0.8038671841542194|0.803867
0|6|-7.03589439601836E-10|-0
0|6|56.0|56
0|6|-211.8098239160936|-211.809824
0|6|0.8951539148042178|0.895154
0|6|-4.377877476814321E-9|-0
0|6|40.0|40
0|6|-22.84006244451308|-22.840062
0|6|0.8915910467146385|0.891591
0|6|-1.4978686313342316E-10|-0
0|6|33.0|33
0|6|-90.12878878540465|-90.128789
0|6|0.004496524367329502|0.004497
0|6|-4.553975881623811E-9|-0
0|6|95.0|95
0|6|-63.45960603401522|-63.459606
0|6|0.14564939403082033|0.145649
0|6|-4.589755288962685E-9|-0
0|6|59.0|59
0|6|-223.9229572057002|-223.922957
0|6|0.22197071696876958|0.221971
0|6|2.3989279904584273E-9|0
0|6|51.0|51
0|6|-441.3964157743733|-441.396416
0|6|0.6377553953875494|0.637755
0|6|7.772241073649489E-11|0
0|6|98.0|98
0|6|331.1333930485324|331.133393
0|6|0.1145930730043907|0.114593
0|6|8.864074331503314E-10|0
0|6|74.0|74
